subset:0.txt
1_22_22 9
7_15_10 9, 1, 5, 13, 14, 6, 10
5_10_00 3, 11, 15, 7, 16
6_11_16 11, 3, 7, 15, 12, 4
6_24_18 11, 3, 7, 15, 8, 16
1_17_10 6
1_15_04 14
4_26_20 13, 5, 9, 1
5_23_08 6, 14, 2, 10, 15
6_20_08 5, 13, 1, 9, 2, 10
5_7_00 2, 10, 14, 6, 11
5_14_08 8, 16, 4, 12, 1
1_15_12 2
4_17_20 11, 3, 7, 15
8_25_14 10, 2, 6, 14, 11, 3, 7, 15
7_1_06 4, 12, 16, 8, 5, 13, 1
7_27_10 8, 16, 4, 12, 1, 9, 13
7_23_14 9, 1, 5, 13, 2, 10, 14
1_8_04 8
8_11_10 8, 16, 4, 12, 9, 1, 5, 13
7_3_00 1, 9, 13, 5, 10, 2, 6
6_7_04 4, 12, 16, 8, 5, 13
5_26_12 9, 1, 5, 13, 6
8_30_02 5, 13, 1, 9, 2, 10, 14, 6
5_23_20 12, 4, 8, 16, 5
5_14_20 14, 6, 10, 2, 7
3_16_18 9, 1, 13
7_20_18 10, 2, 6, 14, 15, 7, 11
8_9_14 10, 2, 6, 14, 11, 3, 7, 15
7_28_10 8, 16, 4, 12, 13, 5, 9
2_13_20 14, 6
6_12_22 14, 6, 10, 2, 11, 3
5_21_06 5, 13, 1, 9, 6
1_22_16 6
4_11_16 11, 3, 7, 15
1_19_18 2
1_29_04 6
2_2_14 4, 12
6_22_06 5, 13, 1, 9, 2, 10
5_10_20 13, 5, 9, 1, 10
4_16_12 10, 2, 6, 14
5_31_08 8, 16, 4, 12, 13
2_19_18 10, 2
7_29_00 4, 12, 16, 8, 1, 9, 13
2_19_18 10, 2
2_7_12 8, 16
4_29_14 11, 3, 7, 15
2_5_20 12, 4
3_26_22 10, 2, 6
1_21_00 2
5_4_08 5, 13, 1, 9, 10
5_12_10 8, 16, 4, 12, 13
4_10_12 9, 1, 5, 13
2_16_18 9, 1
6_9_16 11, 3, 7, 15, 12, 4
7_23_08 6, 14, 2, 10, 15, 7, 11
1_13_06 7
3_2_22 8, 16, 4
6_27_22 14, 6, 10, 2, 15, 7
1_31_16 4
5_30_00 4, 12, 16, 8, 13
4_22_14 9, 1, 5, 13
1_10_22 10
3_7_06 5, 13, 9
8_6_18 11, 3, 7, 15, 12, 4, 8, 16
5_31_22 15, 7, 11, 3, 4
1_18_16 5
6_7_00 2, 10, 14, 6, 3, 11
8_11_18 12, 4, 8, 16, 13, 5, 9, 1
3_9_04 5, 13, 1
4_29_20 14, 6, 10, 2
3_22_06 1, 9, 13
5_15_16 12, 4, 8, 16, 1
6_2_20 11, 3, 7, 15, 8, 16
2_31_00 4,12
7_14_20 14, 6, 10, 2, 7, 15, 3
7_14_18 13, 5, 9, 1, 6, 14, 2
3_30_22 11, 3, 7
7_9_06 6, 14, 2, 10, 7, 15, 3
1_18_10 2
8_25_04 5, 13, 1, 9, 6, 14, 2, 10
4_2_04 3, 11, 15, 7
5_25_02 4, 12, 16, 8, 5
3_26_18 8, 16, 4
1_7_12 16
5_21_02 3, 11, 15, 7, 4
2_14_04 2, 10
1_14_02 1
4_18_16 9, 1, 5, 13
3_24_06 1, 9, 5
8_15_10 9, 1, 5, 13, 6, 14, 2, 10
7_29_14 11, 3, 7, 15, 8, 16, 4
6_28_00 3, 11, 15, 7, 16, 8
4_12_10 8, 16, 4, 12
4_3_02 2, 10, 14, 6
5_12_04 5, 13, 1, 9, 10
8_4_22 12, 4, 8, 16, 13, 5, 9, 1
8_5_22 13, 5, 9, 1, 14, 6, 10, 2
6_24_12 8, 16, 4, 12, 5, 13
7_20_02 2, 10, 14, 6, 7, 15, 3
3_10_10 4, 12, 16
2_3_16 9, 1
3_8_00 14, 6, 2
7_22_14 9, 1, 5, 13, 6, 14, 2
4_14_18 13, 5, 9, 1
7_13_18 13, 5, 9, 1, 10, 2, 6
8_30_02 5, 13, 1, 9, 2, 10, 14, 6
4_4_16 9, 1, 5, 13
6_19_22 12, 4, 8, 16, 13, 5
2_27_16 11, 3
8_18_22 12, 4, 8, 16, 13, 5, 9, 1
8_1_02 2, 10, 14, 6, 3, 11, 15, 7
3_16_02 1, 9, 5
2_22_08 2, 10
4_9_14 10, 2, 6, 14
7_17_16 9, 1, 5, 13, 10, 2, 6
8_30_12 10, 2, 6, 14, 7, 15, 3, 11
4_23_06 5, 13, 1, 9
8_3_10 6, 14, 2, 10, 7, 15, 3, 11
6_28_12 9, 1, 5, 13, 6, 14
4_7_02 3, 11, 15, 7
1_10_00 15
8_14_20 14, 6, 10, 2, 11, 3, 7, 15
7_23_16 10, 2, 6, 14, 3, 11, 15
6_11_08 7, 15, 3, 11, 8, 16
5_6_16 10, 2, 6, 14, 7
4_1_20 11, 3, 7, 15
7_21_04 4, 12, 16, 8, 5, 13, 1
5_29_18 13, 5, 9, 1, 10
4_27_20 13, 5, 9, 1
3_23_06 5, 13, 9
8_5_02 3, 11, 15, 7, 4, 12, 16, 8
5_3_20 11, 3, 7, 15, 4
2_15_04 6, 14
5_17_08 5, 13, 1, 9, 6
3_23_06 5, 13, 9
4_7_14 9, 1, 5, 13
2_7_22 13, 5
3_24_06 1, 9, 5
3_16_22 11, 3, 15
4_23_18 11, 3, 7, 15
5_14_02 5, 13, 1, 9, 14
3_10_00 15, 7, 11
4_18_02 2, 10, 14, 6
5_5_06 5, 13, 1, 9, 6
1_18_08 1
2_25_00 3, 11
4_25_18 12, 4, 8, 16
4_13_02 5, 13, 1, 9
8_17_12 7, 15, 3, 11, 8, 16, 4, 12
5_26_22 14, 6, 10, 2, 11
2_26_06 2, 10
3_26_06 2, 10, 14
5_16_14 11, 3, 7, 15, 12
7_5_06 5, 13, 1, 9, 6, 14, 2
7_25_12 9, 1, 5, 13, 10, 2, 6
8_27_14 10, 2, 6, 14, 11, 3, 7, 15
3_16_16 8, 16, 12
4_7_02 3, 11, 15, 7
2_27_16 11, 3
7_19_12 7, 15, 3, 11, 16, 8, 12
5_1_20 11, 3, 7, 15, 12
6_8_20 12, 4, 8, 16, 9, 1
5_31_00 4, 12, 16, 8, 9
1_30_02 1
4_12_16 11, 3, 7, 15
4_12_16 11, 3, 7, 15
3_6_06 1, 9, 13
8_5_04 4, 12, 16, 8, 5, 13, 1, 9
3_3_14 8, 16, 12
6_24_12 8, 16, 4, 12, 5, 13
3_10_14 6, 14, 2
6_25_18 12, 4, 8, 16, 13, 5
6_28_18 12, 4, 8, 16, 9, 1
1_21_00 2
2_19_06 4, 12
2_30_12 6, 14
5_6_04 4, 12, 16, 8, 1
3_24_02 15, 7, 3
8_2_14 8, 16, 4, 12, 9, 1, 5, 13
5_31_12 10, 2, 6, 14, 15
7_4_16 9, 1, 5, 13, 14, 6, 10
4_11_16 11, 3, 7, 15
5_2_06 4, 12, 16, 8, 1
1_28_20 1
4_1_12 7, 15, 3, 11
4_9_18 12, 4, 8, 16
8_29_22 15, 7, 11, 3, 12, 4, 8, 16
5_11_22 14, 6, 10, 2, 7
3_17_16 9, 1, 5
3_2_16 5, 13, 1
6_20_00 1, 9, 13, 5, 14, 6
4_5_16 10, 2, 6, 14
3_19_20 11, 3, 15
4_6_14 9, 1, 5, 13
4_20_16 9, 1, 5, 13
6_9_08 7, 15, 3, 11, 8, 16
7_10_02 4, 12, 16, 8, 1, 9, 13
5_10_06 6, 14, 2, 10, 3
1_9_04 5
2_24_04 16, 8
1_12_12 13
7_30_02 5, 13, 1, 9, 14, 6, 10
5_2_18 10, 2, 6, 14, 7
2_26_08 3, 11
7_20_16 9, 1, 5, 13, 14, 6, 10
6_6_10 7, 15, 3, 11, 4, 12
2_7_20 12, 4
7_7_02 3, 11, 15, 7, 12, 4, 8
7_7_08 6, 14, 2, 10, 15, 7, 11
4_11_02 4, 12, 16, 8
2_18_14 4, 12
5_1_16 9, 1, 5, 13, 10
1_18_08 1
4_16_12 10, 2, 6, 14
2_30_00 16, 8
3_8_14 5, 13, 9
7_19_14 8, 16, 4, 12, 1, 9, 13
4_25_10 8, 16, 4, 12
1_7_20 4
6_28_10 8, 16, 4, 12, 5, 13
3_21_18 11, 3, 7
4_25_08 7, 15, 3, 11
1_7_14 1
8_2_20 11, 3, 7, 15, 12, 4, 8, 16
1_23_04 12
3_30_02 1, 9, 13
3_12_04 1, 9, 5
2_24_20 8, 16
6_9_00 3, 11, 15, 7, 4, 12
2_31_08 8, 16
6_13_08 8, 16, 4, 12, 5, 13
6_26_04 5, 13, 1, 9, 2, 10
1_24_10 11
5_21_10 7, 15, 3, 11, 8
1_5_02 3
1_9_04 5
1_21_02 3
4_11_16 11, 3, 7, 15
6_12_18 12, 4, 8, 16, 9, 1
4_18_14 8, 16, 4, 12
4_2_00 1, 9, 13, 5
1_28_22 2
3_27_04 5, 13, 9
1_16_06 11
2_24_22 9, 1
2_28_22 10, 2
3_10_02 16, 8, 12
4_11_04 5, 13, 1, 9
7_18_10 6, 14, 2, 10, 3, 11, 15
7_28_12 9, 1, 5, 13, 14, 6, 10
2_10_22 10, 2
4_18_22 12, 4, 8, 16
2_20_04 15, 7
8_30_04 6, 14, 2, 10, 3, 11, 15, 7
1_14_00 16
4_2_06 4, 12, 16, 8
4_25_20 13, 5, 9, 1
5_28_18 12, 4, 8, 16, 1
3_12_22 10, 2, 14
6_1_16 9, 1, 5, 13, 10, 2
5_14_04 6, 14, 2, 10, 15
1_7_20 4
1_28_16 15
6_12_06 6, 14, 2, 10, 3, 11
2_25_00 3, 11
4_29_12 10, 2, 6, 14
5_2_14 8, 16, 4, 12, 5
5_23_12 8, 16, 4, 12, 1
2_3_14 8, 16
2_22_06 1, 9
7_28_18 12, 4, 8, 16, 1, 9, 13
5_19_18 10, 2, 6, 14, 3
3_8_06 1, 9, 5
4_15_14 11, 3, 7, 15
4_19_12 7, 15, 3, 11
4_3_16 9, 1, 5, 13
3_3_10 6, 14, 10
2_29_06 7, 15
7_19_08 5, 13, 1, 9, 14, 6, 10
4_14_00 4,12, 16, 8
8_23_14 9, 1, 5, 13, 10, 2, 6, 14
1_24_00 6
5_15_10 9, 1, 5, 13, 14
4_8_20 12, 4, 8, 16
5_9_16 11, 3, 7, 15, 12
4_15_10 9, 1, 5, 13
5_13_18 13, 5, 9, 1, 10
6_22_00 2, 10, 14, 6, 15, 7
1_13_12 10
2_3_06 4, 12
4_23_20 12, 4, 8, 16
5_8_00 2, 10, 14, 6, 7
7_4_20 11, 3, 7, 15, 16, 8, 12
4_14_04 6, 14, 2, 10
3_26_04 1, 9, 13
8_31_02 5, 13, 1, 9, 2, 10, 14, 6
