subset:2.txt
5_31_20 14, 6, 10, 2, 3
8_15_16 12, 4, 8, 16, 9, 1, 5, 13
1_15_06 15
5_16_02 5, 13, 1, 9, 6
2_19_20 11, 3
5_24_04 4, 12, 16, 8, 9
8_17_06 4, 12, 16, 8, 5, 13, 1, 9
7_23_12 8, 16, 4, 12, 1, 9, 13
6_14_14 11, 3, 7, 15, 4, 12
2_8_12 4, 12
1_16_06 11
2_5_20 12, 4
8_18_22 12, 4, 8, 16, 13, 5, 9, 1
3_9_16 11, 3, 7
1_8_20 16
8_4_22 12, 4, 8, 16, 13, 5, 9, 1
2_30_10 5, 13
2_25_04 5, 13
2_17_08 5, 13
7_13_16 12, 4, 8, 16, 9, 1, 5
2_12_02 16, 8
8_8_14 9, 1, 5, 13, 10, 2, 6, 14
7_11_02 4, 12, 16, 8, 13, 5, 9
7_18_22 12, 4, 8, 16, 9, 1, 5
5_14_00 4, 12, 16, 8, 13
3_7_06 5, 13, 9
3_24_12 4, 12, 8
5_23_16 10, 2, 6, 14, 3
4_11_04 5, 13, 1, 9
5_27_18 12, 4, 8, 16, 5
7_17_00 1, 9, 13, 5, 2, 10, 14
6_15_08 8, 16, 4, 12, 5, 13
1_19_22 4
6_5_00 2, 10, 14, 6, 3, 11
8_16_14 11, 3, 7, 15, 8, 16, 4, 12
8_27_14 10, 2, 6, 14, 11, 3, 7, 15
3_10_00 15, 7, 11
1_1_20 11
1_15_18 5
1_27_12 1
7_10_08 7, 15, 3, 11, 4, 12, 16
5_31_02 5, 13, 1, 9, 10
3_10_20 9, 1, 5
6_2_08 5, 13, 1, 9, 2, 10
2_9_22 14, 6
1_29_00 4
4_4_08 5, 13, 1, 9
4_7_22 13, 5, 9, 1
1_29_20 14
8_2_22 12, 4, 8, 16, 13, 5, 9, 1
1_7_04 12
5_28_02 4, 12, 16, 8, 9
7_7_00 2, 10, 14, 6, 11, 3, 7
5_23_22 13, 5, 9, 1, 6
7_4_16 9, 1, 5, 13, 14, 6, 10
3_4_10 2, 10, 6
6_13_20 14, 6, 10, 2, 11, 3
5_24_14 9, 1, 5, 13, 14
6_18_16 9, 1, 5, 13, 6, 14
5_18_02 2, 10, 14, 6, 15
4_30_02 5, 13, 1, 9
3_29_02 5, 13, 1
8_30_16 12, 4, 8, 16, 9, 1, 5, 13
4_28_04 5, 13, 1, 9
2_6_22 9, 1
6_9_02 4, 12, 16, 8, 5, 13
8_13_10 9, 1, 5, 13, 6, 14, 2, 10
2_3_20 11, 3
6_17_08 5, 13, 1, 9, 6, 14
3_5_10 7, 15, 3
7_24_06 5, 13, 1, 9, 10, 2, 6
2_2_20 7, 15
6_31_04 6, 14, 2, 10, 3, 11
4_27_10 8, 16, 4, 12
2_7_12 8, 16
2_30_14 7, 15
6_28_10 8, 16, 4, 12, 5, 13
2_29_00 4,12
4_18_16 9, 1, 5, 13
1_11_00 11
1_19_02 10
8_5_18 11, 3, 7, 15, 12, 4, 8, 16
8_13_18 13, 5, 9, 1, 10, 2, 6, 14
2_2_04 15, 7
2_9_16 11, 3
4_18_18 10, 2, 6, 14
4_27_04 5, 13, 1, 9
3_1_18 10, 2, 6
8_30_16 12, 4, 8, 16, 9, 1, 5, 13
6_5_06 5, 13, 1, 9, 6, 14
3_30_02 1, 9, 13
5_31_12 10, 2, 6, 14, 15
3_27_08 7, 15, 11
7_27_00 3, 11, 15, 7, 12, 4, 8
3_22_02 15, 7, 11
7_13_08 8, 16, 4, 12, 5, 13, 1
2_24_06 1, 9
7_29_10 9, 1, 5, 13, 6, 14, 2
5_24_04 4, 12, 16, 8, 9
5_24_08 6, 14, 2, 10, 11
7_27_06 6, 14, 2, 10, 15, 7, 11
5_18_10 6, 14, 2, 10, 3
8_22_14 9, 1, 5, 13, 10, 2, 6, 14
8_23_18 11, 3, 7, 15, 12, 4, 8, 16
7_16_06 7, 15, 3, 11, 8, 16, 4
5_10_00 3, 11, 15, 7, 16
3_15_00 4,12, 8
4_12_16 11, 3, 7, 15
8_23_16 10, 2, 6, 14, 11, 3, 7, 15
7_29_00 4, 12, 16, 8, 1, 9, 13
1_26_16 7
5_7_10 7, 15, 3, 11, 16
4_8_16 10, 2, 6, 14
7_26_02 4, 12, 16, 8, 1, 9, 13
3_22_16 6, 14, 2
5_2_16 9, 1, 5, 13, 6
8_21_20 12, 4, 8, 16, 13, 5, 9, 1
2_12_00 15, 7
2_12_20 9, 1
1_11_08 15
7_17_12 7, 15, 3, 11, 8, 16, 4
6_17_14 8, 16, 4, 12, 9, 1
3_7_16 10, 2, 14
3_21_22 13, 5, 9
2_19_14 8, 16
2_1_08 5, 13
8_6_10 7, 15, 3, 11, 8, 16, 4, 12
6_19_06 4, 12, 16, 8, 5, 13
1_29_10 9
8_21_02 3, 11, 15, 7, 4, 12, 16, 8
4_13_00 4,12, 16, 8
2_17_22 12, 4
8_7_18 11, 3, 7, 15, 12, 4, 8, 16
1_4_08 9
7_26_18 12, 4, 8, 16, 9, 1, 5
5_27_20 13, 5, 9, 1, 6
4_6_16 10, 2, 6, 14
5_4_08 5, 13, 1, 9, 10
4_7_20 12, 4, 8, 16
6_22_04 4, 12, 16, 8, 1, 9
4_21_22 13, 5, 9, 1
1_10_04 1
5_27_12 9, 1, 5, 13, 2
7_10_02 4, 12, 16, 8, 1, 9, 13
1_25_20 13
7_26_08 7, 15, 3, 11, 4, 12, 16
7_29_18 13, 5, 9, 1, 10, 2, 6
5_29_10 9, 1, 5, 13, 6
1_15_22 7
3_24_16 6, 14, 10
3_8_12 4, 12, 8
6_30_20 14, 6, 10, 2, 7, 15
4_4_10 6, 14, 2, 10
7_10_20 13, 5, 9, 1, 10, 2, 6
7_27_18 12, 4, 8, 16, 5, 13, 1
1_22_16 6
2_25_20 13, 5
7_10_08 7, 15, 3, 11, 4, 12, 16
7_10_20 13, 5, 9, 1, 10, 2, 6
7_26_14 10, 2, 6, 14, 7, 15, 3
1_17_02 2
1_30_02 1
5_30_08 8, 16, 4, 12, 1
3_14_14 7, 15, 3
8_1_06 4, 12, 16, 8, 5, 13, 1, 9
5_6_06 5, 13, 1, 9, 2
4_2_18 10, 2, 6, 14
7_16_10 9, 1, 5, 13, 10, 2, 6
5_7_02 3, 11, 15, 7, 12
1_20_08 9
6_27_10 8, 16, 4, 12, 9, 1
4_8_02 3, 11, 15, 7
1_1_20 11
1_23_18 3
1_27_16 3
4_13_04 6, 14, 2, 10
8_16_08 8, 16, 4, 12, 5, 13, 1, 9
2_16_04 2, 10
8_28_02 4, 12, 16, 8, 5, 13, 1, 9
4_6_14 9, 1, 5, 13
4_24_16 10, 2, 6, 14
4_18_14 8, 16, 4, 12
2_21_02 3, 11
7_23_12 8, 16, 4, 12, 1, 9, 13
2_25_22 14, 6
2_5_08 6, 14
7_30_14 11, 3, 7, 15, 4, 12, 16
3_21_04 4, 12, 16
5_28_10 8, 16, 4, 12, 13
5_10_18 12, 4, 8, 16, 9
2_2_08 1, 9
7_1_06 4, 12, 16, 8, 5, 13, 1
7_4_16 9, 1, 5, 13, 14, 6, 10
3_18_00 13, 5, 9
4_1_18 10, 2, 6, 14
8_4_18 10, 2, 6, 14, 11, 3, 7, 15
8_22_00 2, 10, 14, 6, 3, 11, 15, 7
4_16_20 14, 6, 10, 2
8_5_02 3, 11, 15, 7, 4, 12, 16, 8
7_18_06 4, 12, 16, 8, 1, 9, 13
3_12_14 6, 14, 10
6_28_08 7, 15, 3, 11, 4, 12
8_21_22 13, 5, 9, 1, 14, 6, 10, 2
8_25_04 5, 13, 1, 9, 6, 14, 2, 10
8_11_14 10, 2, 6, 14, 11, 3, 7, 15
3_17_02 2, 10, 14
8_3_02 2, 10, 14, 6, 3, 11, 15, 7
4_8_04 4, 12, 16, 8
3_9_10 8, 16, 4
4_17_02 2, 10, 14, 6
4_19_06 4, 12, 16, 8
7_13_22 15, 7, 11, 3, 12, 4, 8
7_14_20 14, 6, 10, 2, 7, 15, 3
8_26_10 8, 16, 4, 12, 9, 1, 5, 13
1_19_10 14
5_24_00 2, 10, 14, 6, 7
8_28_12 9, 1, 5, 13, 10, 2, 6, 14
2_7_04 4, 12
5_1_10 6, 14, 2, 10, 7
6_1_08 5, 13, 1, 9, 6, 14
1_8_14 13
3_27_14 10, 2, 14
3_2_22 8, 16, 4
4_2_02 2, 10, 14, 6
7_16_18 13, 5, 9, 1, 14, 6, 10
1_24_00 6
6_19_00 1, 9, 13, 5, 2, 10
5_6_04 4, 12, 16, 8, 1
1_28_16 15
8_13_14 11, 3, 7, 15, 8, 16, 4, 12
5_9_22 14, 6, 10, 2, 15
5_7_00 2, 10, 14, 6, 11
2_1_00 1, 9
2_24_20 8, 16
6_3_18 10, 2, 6, 14, 11, 3
3_10_10 4, 12, 16
3_25_06 6, 14, 2
8_1_22 12, 4, 8, 16, 13, 5, 9, 1
4_30_12 10, 2, 6, 14
3_14_18 9, 1, 5
4_17_02 2, 10, 14, 6
5_21_06 5, 13, 1, 9, 6
1_25_14 10
2_14_20 10, 2
1_28_10 12
3_10_06 2, 10, 14
6_10_14 10, 2, 6, 14, 7, 15
8_6_02 3, 11, 15, 7, 4, 12, 16, 8
7_27_06 6, 14, 2, 10, 15, 7, 11
4_11_18 12, 4, 8, 16
3_7_12 8, 16, 12
8_6_10 7, 15, 3, 11, 8, 16, 4, 12
2_25_18 12, 4
3_1_04 3, 11, 15
7_1_04 3, 11, 15, 7, 4, 12, 16
5_9_18 12, 4, 8, 16, 13
8_1_22 12, 4, 8, 16, 13, 5, 9, 1
3_22_14 5, 13, 1
6_30_08 8, 16, 4, 12, 1, 9
8_25_14 10, 2, 6, 14, 11, 3, 7, 15
3_6_18 7, 15, 3
3_20_06 16, 8, 4
7_19_12 7, 15, 3, 11, 16, 8, 12
6_19_00 1, 9, 13, 5, 2, 10
1_21_08 6
8_16_14 11, 3, 7, 15, 8, 16, 4, 12
5_4_02 2, 10, 14, 6, 7
8_28_18 12, 4, 8, 16, 13, 5, 9, 1
7_11_18 12, 4, 8, 16, 5, 13, 1
1_26_16 7
1_30_20 10
5_15_00 4, 12, 16, 8, 9
7_28_18 12, 4, 8, 16, 1, 9, 13
6_9_18 12, 4, 8, 16, 13, 5
7_4_02 2, 10, 14, 6, 7, 15, 3
6_29_22 15, 7, 11, 3, 12, 4
5_26_20 13, 5, 9, 1, 10
7_10_22 14, 6, 10, 2, 11, 3, 7
2_25_14 10, 2
4_13_22 15, 7, 11, 3
6_11_14 10, 2, 6, 14, 11, 3
7_7_04 4, 12, 16, 8, 13, 5, 9
5_5_08 6, 14, 2, 10, 7
3_25_10 8, 16, 4
1_4_12 11
6_1_00 1, 9, 13, 5, 2, 10
2_30_04 2, 10
5_31_22 15, 7, 11, 3, 4
5_18_14 8, 16, 4, 12, 5
2_4_10 2, 10
3_18_00 13, 5, 9
3_25_04 5, 13, 1
6_10_02 4, 12, 16, 8, 1, 9
1_21_02 3
7_2_16 9, 1, 5, 13, 6, 14, 2
8_2_04 3, 11, 15, 7, 4, 12, 16, 8
3_14_12 6, 14, 2
3_9_04 5, 13, 1
5_28_14 10, 2, 6, 14, 15
6_12_20 13, 5, 9, 1, 10, 2
8_29_06 7, 15, 3, 11, 4, 12, 16, 8
5_26_00 3, 11, 15, 7, 16
8_4_02 2, 10, 14, 6, 3, 11, 15, 7
5_1_18 10, 2, 6, 14, 11
4_27_10 8, 16, 4, 12
4_1_16 9, 1, 5, 13
7_28_08 7, 15, 3, 11, 12, 4, 8
1_21_22 13
7_13_02 5, 13, 1, 9, 2, 10, 14
5_20_14 8, 16, 4, 12, 13
1_17_14 8
6_8_22 13, 5, 9, 1, 10, 2
1_15_06 15
8_31_08 8, 16, 4, 12, 5, 13, 1, 9
2_9_08 7, 15
6_19_14 8, 16, 4, 12, 9, 1
5_7_12 8, 16, 4, 12, 1
8_30_22 15, 7, 11, 3, 12, 4, 8, 16
6_23_00 2, 10, 14, 6, 3, 11
6_23_12 8, 16, 4, 12, 9, 1
4_26_14 10, 2, 6, 14
6_5_06 5, 13, 1, 9, 6, 14
1_17_20 11
5_29_02 5, 13, 1, 9, 2
7_21_02 3, 11, 15, 7, 4, 12, 16
1_23_12 16
8_13_22 15, 7, 11, 3, 12, 4, 8, 16
6_17_14 8, 16, 4, 12, 9, 1
1_8_16 14
7_20_12 7, 15, 3, 11, 12, 4, 8
2_31_08 8, 16
1_16_14 15
2_29_08 8, 16
7_5_08 6, 14, 2, 10, 7, 15, 3
2_20_16 5, 13
5_30_14 11, 3, 7, 15, 4
1_2_12 3
5_23_10 7, 15, 3, 11, 16
5_27_18 12, 4, 8, 16, 5
5_10_14 10, 2, 6, 14, 7
5_18_22 12, 4, 8, 16, 9
4_25_16 11, 3, 7, 15
1_25_22 14
5_16_14 11, 3, 7, 15, 12
3_9_02 4, 12, 16
2_2_06 16, 8
8_23_20 12, 4, 8, 16, 13, 5, 9, 1
2_19_06 4, 12
3_17_12 7, 15, 3
3_3_12 7, 15, 11
2_2_22 8, 16
7_26_06 6, 14, 2, 10, 3, 11, 15
1_31_20 6
5_12_16 11, 3, 7, 15, 16
4_2_08 5, 13, 1, 9
2_8_16 6, 14
6_29_14 11, 3, 7, 15, 8, 16
3_10_22 10, 2, 6
5_3_10 6, 14, 2, 10, 15
8_21_14 9, 1, 5, 13, 10, 2, 6, 14
5_4_16 9, 1, 5, 13, 14
2_26_18 8, 16
7_4_10 6, 14, 2, 10, 11, 3, 7
6_7_02 3, 11, 15, 7, 4, 12
5_1_12 7, 15, 3, 11, 8
3_14_08 4, 12, 16
6_21_18 11, 3, 7, 15, 12, 4
1_15_10 1
1_15_16 4
4_9_08 7, 15, 3, 11
6_5_02 3, 11, 15, 7, 4, 12
8_28_08 7, 15, 3, 11, 8, 16, 4, 12
8_27_20 13, 5, 9, 1, 14, 6, 10, 2
1_31_16 4
7_20_20 11, 3, 7, 15, 16, 8, 12
8_21_12 8, 16, 4, 12, 9, 1, 5, 13
3_25_04 5, 13, 1
7_22_04 4, 12, 16, 8, 1, 9, 13
6_13_16 12, 4, 8, 16, 9, 1
3_14_22 11, 3, 7
7_17_22 12, 4, 8, 16, 13, 5, 9
4_19_08 5, 13, 1, 9
6_18_18 10, 2, 6, 14, 7, 15
7_4_18 10, 2, 6, 14, 15, 7, 11
8_5_06 5, 13, 1, 9, 6, 14, 2, 10
5_29_08 8, 16, 4, 12, 5
7_6_06 5, 13, 1, 9, 2, 10, 14
2_15_06 7, 15
5_6_22 13, 5, 9, 1, 10
1_29_14 11
2_2_00 13, 5
6_16_08 8, 16, 4, 12, 1, 9
7_3_16 9, 1, 5, 13, 2, 10, 14
8_31_16 12, 4, 8, 16, 9, 1, 5, 13
8_9_06 6, 14, 2, 10, 7, 15, 3, 11
6_9_12 9, 1, 5, 13, 10, 2
5_28_14 10, 2, 6, 14, 15
2_17_10 6, 14
7_17_08 5, 13, 1, 9, 6, 14, 2
5_28_08 7, 15, 3, 11, 12
2_28_06 2, 10
6_20_16 9, 1, 5, 13, 6, 14
1_19_00 9
6_22_00 2, 10, 14, 6, 15, 7
6_4_14 8, 16, 4, 12, 5, 13
6_19_06 4, 12, 16, 8, 5, 13
2_5_06 5, 13
8_16_10 9, 1, 5, 13, 6, 14, 2, 10
1_13_04 6
3_4_00 13, 5, 1
3_20_06 16, 8, 4
6_15_14 11, 3, 7, 15, 8, 16
2_8_00 14, 6
5_15_06 7, 15, 3, 11, 12
6_9_18 12, 4, 8, 16, 13, 5
6_25_20 13, 5, 9, 1, 14, 6
5_1_06 4, 12, 16, 8, 5
2_11_10 8, 16
8_12_16 11, 3, 7, 15, 12, 4, 8, 16
5_27_22 14, 6, 10, 2, 7
5_30_04 6, 14, 2, 10, 15
3_7_22 13, 5, 1
1_11_00 11
3_19_18 10, 2, 14
3_14_08 4, 12, 16
2_29_02 5, 13
8_26_20 13, 5, 9, 1, 14, 6, 10, 2
5_12_04 5, 13, 1, 9, 10
4_3_18 10, 2, 6, 14
2_12_14 6, 14
7_13_00 4, 12, 16, 8, 1, 9, 13
7_31_14 11, 3, 7, 15, 16, 8, 12
7_18_00 1, 9, 13, 5, 14, 6, 10
1_12_02 8
5_11_12 9, 1, 5, 13, 2
4_22_20 12, 4, 8, 16
8_17_10 6, 14, 2, 10, 7, 15, 3, 11
3_15_14 11, 3, 15
1_11_18 4
6_9_12 9, 1, 5, 13, 10, 2
1_22_12 4
6_31_20 14, 6, 10, 2, 11, 3
4_26_20 13, 5, 9, 1
7_25_22 14, 6, 10, 2, 15, 7, 11
2_15_20 14, 6
1_9_10 8
6_8_20 12, 4, 8, 16, 9, 1
6_14_04 6, 14, 2, 10, 15, 7
5_25_16 11, 3, 7, 15, 12
1_29_18 13
8_8_04 4, 12, 16, 8, 5, 13, 1, 9
5_13_08 8, 16, 4, 12, 5
5_26_10 8, 16, 4, 12, 5
6_18_06 4, 12, 16, 8, 1, 9
6_7_06 5, 13, 1, 9, 6, 14
7_22_16 10, 2, 6, 14, 7, 15, 3
5_24_16 10, 2, 6, 14, 15
1_18_16 5
2_1_16 9, 1
5_12_06 6, 14, 2, 10, 11
2_25_10 8, 16
7_28_16 11, 3, 7, 15, 16, 8, 12
3_8_18 7, 15, 11
4_31_12 10, 2, 6, 14
8_11_02 4, 12, 16, 8, 5, 13, 1, 9
8_13_08 8, 16, 4, 12, 5, 13, 1, 9
1_24_06 9
6_10_04 5, 13, 1, 9, 2, 10
4_3_18 10, 2, 6, 14
7_21_00 2, 10, 14, 6, 3, 11, 15
7_30_22 15, 7, 11, 3, 8, 16, 4
3_30_12 6, 14, 2
7_10_04 5, 13, 1, 9, 2, 10, 14
1_11_06 14
6_5_06 5, 13, 1, 9, 6, 14
4_21_08 6, 14, 2, 10
7_5_18 11, 3, 7, 15, 12, 4, 8
7_3_20 11, 3, 7, 15, 4, 12, 16
2_9_08 7, 15
4_2_06 4, 12, 16, 8
7_1_12 7, 15, 3, 11, 8, 16, 4
7_23_12 8, 16, 4, 12, 1, 9, 13
3_11_02 4, 12, 8
8_2_22 12, 4, 8, 16, 13, 5, 9, 1
4_12_06 6, 14, 2, 10
7_22_22 13, 5, 9, 1, 10, 2, 6
6_10_10 8, 16, 4, 12, 5, 13
4_28_14 10, 2, 6, 14
3_4_20 7, 15, 11
4_15_16 12, 4, 8, 16
5_2_18 10, 2, 6, 14, 7
2_5_00 2, 10
4_25_10 8, 16, 4, 12
7_22_04 4, 12, 16, 8, 1, 9, 13
1_24_20 16
3_16_00 16, 8, 4
4_19_22 12, 4, 8, 16
2_8_10 3, 11
7_2_02 2, 10, 14, 6, 15, 7, 11
8_19_02 2, 10, 14, 6, 3, 11, 15, 7
7_19_14 8, 16, 4, 12, 1, 9, 13
4_30_00 4,12, 16, 8
5_11_16 11, 3, 7, 15, 4
4_29_10 9, 1, 5, 13
3_27_22 14, 6, 2
5_26_16 11, 3, 7, 15, 8
5_14_16 12, 4, 8, 16, 5
3_18_16 5, 13, 1
5_1_06 4, 12, 16, 8, 5
1_9_20 13
4_11_10 8, 16, 4, 12
4_26_08 7, 15, 3, 11
2_11_10 8, 16
7_26_14 10, 2, 6, 14, 7, 15, 3
6_1_00 1, 9, 13, 5, 2, 10
3_4_22 8, 16, 12
5_14_00 4, 12, 16, 8, 13
1_24_04 8
5_2_20 11, 3, 7, 15, 8
7_26_08 7, 15, 3, 11, 4, 12, 16
4_2_06 4, 12, 16, 8
7_20_22 12, 4, 8, 16, 1, 9, 13
3_4_08 1, 9, 5
7_21_04 4, 12, 16, 8, 5, 13, 1
1_6_12 4
3_10_06 2, 10, 14
3_6_02 15, 7, 11
1_17_10 6
2_11_04 5, 13
5_11_12 9, 1, 5, 13, 2
4_14_14 11, 3, 7, 15
2_30_04 2, 10
1_29_06 7
5_24_12 8, 16, 4, 12, 13
2_11_12 9, 1
5_14_22 15, 7, 11, 3, 8
3_11_08 7, 15, 11
2_1_22 12, 4
2_18_22 8, 16
3_16_04 2, 10, 6
2_4_22 8, 16
2_10_00 15, 7
3_25_18 12, 4, 8
1_30_20 10
8_1_20 11, 3, 7, 15, 12, 4, 8, 16
2_30_12 6, 14
8_4_06 4, 12, 16, 8, 5, 13, 1, 9
5_6_16 10, 2, 6, 14, 7
1_3_02 10
7_9_04 5, 13, 1, 9, 6, 14, 2
3_12_06 2, 10, 6
4_6_18 11, 3, 7, 15
3_12_22 10, 2, 14
8_28_04 5, 13, 1, 9, 6, 14, 2, 10
7_3_06 4, 12, 16, 8, 13, 5, 9
3_30_08 4, 12, 16
6_5_10 7, 15, 3, 11, 8, 16
2_3_20 11, 3
3_7_20 12, 4, 16
1_8_16 14
2_4_08 1, 9
5_13_18 13, 5, 9, 1, 10
6_15_06 7, 15, 3, 11, 4, 12
7_19_22 12, 4, 8, 16, 5, 13, 1
4_14_12 10, 2, 6, 14
5_15_00 4, 12, 16, 8, 9
5_12_04 5, 13, 1, 9, 10
8_18_04 3, 11, 15, 7, 4, 12, 16, 8
3_23_18 11, 3, 15
8_28_12 9, 1, 5, 13, 10, 2, 6, 14
4_1_06 4, 12, 16, 8
7_23_04 4, 12, 16, 8, 13, 5, 9
3_26_06 2, 10, 14
5_15_02 5, 13, 1, 9, 10
3_5_02 3, 11, 15
8_25_20 13, 5, 9, 1, 14, 6, 10, 2
6_27_02 4, 12, 16, 8, 5, 13
2_27_10 8, 16
7_25_22 14, 6, 10, 2, 15, 7, 11
7_2_16 9, 1, 5, 13, 6, 14, 2
8_20_08 5, 13, 1, 9, 6, 14, 2, 10
4_25_04 5, 13, 1, 9
2_15_22 15, 7
5_3_02 2, 10, 14, 6, 11
1_13_04 6
7_12_14 10, 2, 6, 14, 15, 7, 11
2_31_16 12, 4
6_27_12 9, 1, 5, 13, 10, 2
7_2_04 3, 11, 15, 7, 16, 8, 12
5_21_18 11, 3, 7, 15, 12
6_7_10 7, 15, 3, 11, 8, 16
5_17_18 10, 2, 6, 14, 11
2_12_08 3, 11
7_7_12 8, 16, 4, 12, 1, 9, 13
1_28_20 1
6_26_08 7, 15, 3, 11, 4, 12
5_28_00 3, 11, 15, 7, 8
8_15_16 12, 4, 8, 16, 9, 1, 5, 13
2_1_16 9, 1
7_16_02 5, 13, 1, 9, 6, 14, 2
5_24_18 11, 3, 7, 15, 16
8_6_22 13, 5, 9, 1, 14, 6, 10, 2
5_21_18 11, 3, 7, 15, 12
2_9_22 14, 6
7_23_08 6, 14, 2, 10, 15, 7, 11
1_11_14 2
8_4_06 4, 12, 16, 8, 5, 13, 1, 9
4_2_02 2, 10, 14, 6
2_20_18 6, 14
4_10_22 14, 6, 10, 2
3_28_16 7, 15, 11
7_24_12 8, 16, 4, 12, 13, 5, 9
1_24_20 16
5_30_00 4, 12, 16, 8, 13
6_4_06 4, 12, 16, 8, 1, 9
8_23_00 2, 10, 14, 6, 3, 11, 15, 7
1_5_16 10
5_26_20 13, 5, 9, 1, 10
4_17_00 1, 9, 13, 5
2_10_12 5, 13
6_16_00 4, 12, 16, 8, 13, 5
4_13_10 9, 1, 5, 13
8_24_02 3, 11, 15, 7, 4, 12, 16, 8
4_7_06 5, 13, 1, 9
8_14_08 8, 16, 4, 12, 5, 13, 1, 9
1_9_00 3
5_29_14 11, 3, 7, 15, 8
3_22_06 1, 9, 13
6_15_12 10, 2, 6, 14, 7, 15
7_15_04 6, 14, 2, 10, 11, 3, 7
1_18_16 5
7_31_18 13, 5, 9, 1, 2, 10, 14
5_17_20 11, 3, 7, 15, 12
5_19_18 10, 2, 6, 14, 3
8_13_02 5, 13, 1, 9, 2, 10, 14, 6
1_17_02 2
1_30_08 4
5_12_12 9, 1, 5, 13, 14
3_2_22 8, 16, 4
4_24_00 2, 10, 14, 6
4_8_04 4, 12, 16, 8
8_4_08 5, 13, 1, 9, 6, 14, 2, 10
2_21_02 3, 11
7_19_02 2, 10, 14, 6, 11, 3, 7
8_20_04 3, 11, 15, 7, 4, 12, 16, 8
3_3_04 3, 11, 7
7_14_10 9, 1, 5, 13, 2, 10, 14
7_23_12 8, 16, 4, 12, 1, 9, 13
7_14_00 4, 12, 16, 8, 13, 5, 9
3_10_12 5, 13, 1
1_26_22 10
8_4_14 8, 16, 4, 12, 9, 1, 5, 13
8_30_18 13, 5, 9, 1, 10, 2, 6, 14
4_2_02 2, 10, 14, 6
2_30_00 16, 8
1_27_14 2
6_7_02 3, 11, 15, 7, 4, 12
3_7_12 8, 16, 12
5_4_16 9, 1, 5, 13, 14
5_20_00 1, 9, 13, 5, 6
2_12_10 4, 12
5_24_06 5, 13, 1, 9, 10
8_11_02 4, 12, 16, 8, 5, 13, 1, 9
7_10_20 13, 5, 9, 1, 10, 2, 6
7_1_12 7, 15, 3, 11, 8, 16, 4
8_21_08 6, 14, 2, 10, 7, 15, 3, 11
1_4_16 13
6_5_20 12, 4, 8, 16, 13, 5
4_20_02 2, 10, 14, 6
1_28_22 2
2_3_18 10, 2
2_30_12 6, 14
6_26_18 12, 4, 8, 16, 9, 1
7_21_14 9, 1, 5, 13, 10, 2, 6
4_14_16 12, 4, 8, 16
6_8_04 4, 12, 16, 8, 1, 9
3_3_02 2, 10, 6
6_25_04 5, 13, 1, 9, 6, 14
2_2_22 8, 16
8_8_10 7, 15, 3, 11, 8, 16, 4, 12
3_3_10 6, 14, 10
3_29_14 11, 3, 7
5_25_08 7, 15, 3, 11, 8
4_13_00 4,12, 16, 8
7_20_06 4, 12, 16, 8, 9, 1, 5
4_8_12 8, 16, 4, 12
3_7_16 10, 2, 14
6_1_04 3, 11, 15, 7, 4, 12
3_29_04 6, 14, 2
7_2_14 8, 16, 4, 12, 5, 13, 1
6_21_10 7, 15, 3, 11, 8, 16
5_31_04 6, 14, 2, 10, 11
1_26_22 10
3_22_00 14, 6, 10
1_7_06 13
7_19_08 5, 13, 1, 9, 14, 6, 10
1_11_08 15
4_27_12 9, 1, 5, 13
3_14_18 9, 1, 5
6_31_00 4, 12, 16, 8, 1, 9
2_8_08 2, 10
2_5_18 11, 3
8_14_14 11, 3, 7, 15, 8, 16, 4, 12
4_20_08 5, 13, 1, 9
8_17_02 2, 10, 14, 6, 3, 11, 15, 7
5_14_12 10, 2, 6, 14, 3
2_30_02 1, 9
4_10_14 10, 2, 6, 14
1_28_06 10
3_30_00 16, 8, 12
4_7_16 10, 2, 6, 14
1_27_02 12
2_10_10 4, 12
5_12_16 11, 3, 7, 15, 16
5_6_10 7, 15, 3, 11, 4
5_14_14 11, 3, 7, 15, 4
1_21_00 2
8_14_00 4, 12, 16, 8, 1, 9, 13, 5
3_17_06 4, 12, 16
8_6_00 2, 10, 14, 6, 3, 11, 15, 7
5_1_16 9, 1, 5, 13, 10
1_26_04 1
4_29_12 10, 2, 6, 14
4_13_06 7, 15, 3, 11
8_4_10 6, 14, 2, 10, 7, 15, 3, 11
3_16_18 9, 1, 13
1_24_14 13
5_18_06 4, 12, 16, 8, 1
5_19_20 11, 3, 7, 15, 4
3_15_22 15, 7, 3
6_16_10 9, 1, 5, 13, 2, 10
7_20_16 9, 1, 5, 13, 14, 6, 10
3_16_20 10, 2, 14
6_29_04 6, 14, 2, 10, 3, 11
7_15_18 13, 5, 9, 1, 2, 10, 14
8_16_22 15, 7, 11, 3, 12, 4, 8, 16
2_8_12 4, 12
5_17_16 9, 1, 5, 13, 10
4_29_14 11, 3, 7, 15
3_11_12 9, 1, 13
2_15_16 12, 4
3_2_22 8, 16, 4
6_18_12 7, 15, 3, 11, 4, 12
5_15_10 9, 1, 5, 13, 14
1_18_00 13
5_7_12 8, 16, 4, 12, 1
2_31_16 12, 4
4_26_04 5, 13, 1, 9
7_13_06 7, 15, 3, 11, 4, 12, 16
6_4_14 8, 16, 4, 12, 5, 13
4_9_02 4, 12, 16, 8
3_24_12 4, 12, 8
3_17_04 3, 11, 15
8_4_10 6, 14, 2, 10, 7, 15, 3, 11
3_27_08 7, 15, 11
7_18_22 12, 4, 8, 16, 9, 1, 5
4_8_16 10, 2, 6, 14
5_23_04 4, 12, 16, 8, 13
1_5_08 6
2_25_12 9, 1
6_1_16 9, 1, 5, 13, 10, 2
3_14_06 3, 11, 15
8_24_02 3, 11, 15, 7, 4, 12, 16, 8
3_15_14 11, 3, 15
6_8_00 2, 10, 14, 6, 15, 7
7_7_02 3, 11, 15, 7, 12, 4, 8
6_6_04 4, 12, 16, 8, 1, 9
8_3_18 10, 2, 6, 14, 11, 3, 7, 15
3_14_00 16, 8, 12
7_24_22 13, 5, 9, 1, 2, 10, 14
6_24_06 5, 13, 1, 9, 2, 10
1_6_02 15
7_8_02 3, 11, 15, 7, 8, 16, 4
1_7_14 1
5_18_08 5, 13, 1, 9, 2
5_23_02 3, 11, 15, 7, 12
2_20_10 2, 10
2_16_16 8, 16
6_30_20 14, 6, 10, 2, 7, 15
2_7_10 7, 15
2_27_02 4, 12
7_30_00 4, 12, 16, 8, 13, 5, 9
7_15_10 9, 1, 5, 13, 14, 6, 10
7_28_02 4, 12, 16, 8, 9, 1, 5
7_10_18 12, 4, 8, 16, 9, 1, 5
1_8_16 14
2_22_14 5, 13
6_12_10 8, 16, 4, 12, 5, 13
8_5_02 3, 11, 15, 7, 4, 12, 16, 8
1_19_04 11
2_2_02 14, 6
6_31_02 5, 13, 1, 9, 2, 10
5_1_18 10, 2, 6, 14, 11
7_10_10 8, 16, 4, 12, 5, 13, 1
8_5_14 9, 1, 5, 13, 10, 2, 6, 14
8_22_14 9, 1, 5, 13, 10, 2, 6, 14
1_29_08 8
8_5_18 11, 3, 7, 15, 12, 4, 8, 16
6_15_20 14, 6, 10, 2, 11, 3
6_9_18 12, 4, 8, 16, 13, 5
1_19_00 9
7_4_18 10, 2, 6, 14, 15, 7, 11
8_1_18 10, 2, 6, 14, 11, 3, 7, 15
4_31_12 10, 2, 6, 14
5_2_04 3, 11, 15, 7, 16
8_19_04 3, 11, 15, 7, 4, 12, 16, 8
8_31_10 9, 1, 5, 13, 6, 14, 2, 10
4_2_12 7, 15, 3, 11
4_22_10 7, 15, 3, 11
1_1_16 9
3_18_00 13, 5, 9
2_3_16 9, 1
1_30_12 6
7_29_20 14, 6, 10, 2, 11, 3, 7
6_5_12 8, 16, 4, 12, 9, 1
4_13_18 13, 5, 9, 1
3_26_08 3, 11, 15
5_16_00 4, 12, 16, 8, 5
3_25_04 5, 13, 1
1_21_16 10
1_10_00 15
7_10_20 13, 5, 9, 1, 10, 2, 6
8_13_16 12, 4, 8, 16, 9, 1, 5, 13
7_25_12 9, 1, 5, 13, 10, 2, 6
3_8_14 5, 13, 9
8_5_06 5, 13, 1, 9, 6, 14, 2, 10
7_10_22 14, 6, 10, 2, 11, 3, 7
6_10_10 8, 16, 4, 12, 5, 13
7_31_04 6, 14, 2, 10, 11, 3, 7
3_11_04 5, 13, 9
4_29_14 11, 3, 7, 15
4_24_18 11, 3, 7, 15
7_7_22 13, 5, 9, 1, 6, 14, 2
5_9_22 14, 6, 10, 2, 15
6_20_16 9, 1, 5, 13, 6, 14
6_13_08 8, 16, 4, 12, 5, 13
2_13_12 10, 2
7_15_06 7, 15, 3, 11, 12, 4, 8
6_3_10 6, 14, 2, 10, 7, 15
1_5_02 3
3_19_20 11, 3, 15
2_27_20 13, 5
5_6_16 10, 2, 6, 14, 7
2_30_00 16, 8
4_20_10 6, 14, 2, 10
2_25_08 7, 15
7_29_04 6, 14, 2, 10, 3, 11, 15
6_14_18 13, 5, 9, 1, 6, 14
7_31_00 4, 12, 16, 8, 9, 1, 5
3_2_10 2, 10, 14
3_24_10 3, 11, 7
1_21_00 2
3_12_04 1, 9, 5
2_21_02 3, 11
2_8_18 7, 15
1_3_12 15
2_22_02 15, 7
4_21_20 12, 4, 8, 16
5_17_10 6, 14, 2, 10, 7
8_14_06 7, 15, 3, 11, 4, 12, 16, 8
8_18_18 10, 2, 6, 14, 11, 3, 7, 15
1_17_02 2
6_9_04 5, 13, 1, 9, 6, 14
6_14_14 11, 3, 7, 15, 4, 12
8_13_10 9, 1, 5, 13, 6, 14, 2, 10
8_19_06 4, 12, 16, 8, 5, 13, 1, 9
2_2_18 6, 14
3_7_20 12, 4, 16
4_24_04 4, 12, 16, 8
6_7_16 10, 2, 6, 14, 11, 3
4_26_22 14, 6, 10, 2
3_26_18 8, 16, 4
3_26_16 7, 15, 3
6_19_16 9, 1, 5, 13, 10, 2
4_8_18 11, 3, 7, 15
1_3_18 2
5_13_18 13, 5, 9, 1, 10
2_1_08 5, 13
4_30_04 6, 14, 2, 10
5_3_20 11, 3, 7, 15, 4
5_27_12 9, 1, 5, 13, 2
5_28_22 14, 6, 10, 2, 3
1_26_10 4
1_9_04 5
4_5_12 8, 16, 4, 12
4_1_04 3, 11, 15, 7
5_24_02 3, 11, 15, 7, 8
8_7_08 6, 14, 2, 10, 7, 15, 3, 11
3_3_00 1, 9, 5
2_26_22 10, 2
4_26_14 10, 2, 6, 14
