subset:6.txt
5_25_22 14, 6, 10, 2, 15
3_29_10 9, 1, 5
1_10_02 16
2_10_08 3, 11
2_5_22 13, 5
5_20_10 6, 14, 2, 10, 11
2_27_20 13, 5
5_18_06 4, 12, 16, 8, 1
4_6_16 10, 2, 6, 14
6_14_18 13, 5, 9, 1, 6, 14
1_6_14 5
2_14_12 6, 14
1_10_00 15
6_8_14 9, 1, 5, 13, 6, 14
3_7_02 3, 11, 7
8_6_20 12, 4, 8, 16, 13, 5, 9, 1
6_11_00 3, 11, 15, 7, 4, 12
4_2_06 4, 12, 16, 8
3_5_22 13, 5, 9
1_5_10 7
5_9_22 14, 6, 10, 2, 15
5_19_00 1, 9, 13, 5, 10
5_17_22 12, 4, 8, 16, 13
4_30_18 13, 5, 9, 1
7_13_20 14, 6, 10, 2, 11, 3, 7
3_24_04 16, 8, 4
3_4_20 7, 15, 11
7_23_12 8, 16, 4, 12, 1, 9, 13
8_25_20 13, 5, 9, 1, 14, 6, 10, 2
4_23_00 2, 10, 14, 6
7_12_06 6, 14, 2, 10, 11, 3, 7
5_12_14 10, 2, 6, 14, 15
5_6_14 9, 1, 5, 13, 6
5_27_06 6, 14, 2, 10, 15
5_5_10 7, 15, 3, 11, 8
7_2_08 5, 13, 1, 9, 2, 10, 14
1_28_00 7
3_31_20 14, 6, 2
4_22_04 4, 12, 16, 8
3_30_20 10, 2, 6
7_5_10 7, 15, 3, 11, 8, 16, 4
5_14_18 13, 5, 9, 1, 6
6_10_04 5, 13, 1, 9, 2, 10
7_16_12 10, 2, 6, 14, 11, 3, 7
4_16_16 12, 4, 8, 16
5_14_02 5, 13, 1, 9, 14
8_6_00 2, 10, 14, 6, 3, 11, 15, 7
7_20_16 9, 1, 5, 13, 14, 6, 10
2_28_22 10, 2
6_6_10 7, 15, 3, 11, 4, 12
3_26_14 6, 14, 2
6_10_10 8, 16, 4, 12, 5, 13
2_18_20 7, 15
1_25_12 9
8_19_02 2, 10, 14, 6, 3, 11, 15, 7
4_9_22 14, 6, 10, 2
4_10_10 8, 16, 4, 12
7_12_20 13, 5, 9, 1, 2, 10, 14
6_22_06 5, 13, 1, 9, 2, 10
2_26_02 16, 8
1_14_20 10
4_17_00 1, 9, 13, 5
2_2_08 1, 9
8_26_16 11, 3, 7, 15, 12, 4, 8, 16
2_12_06 2, 10
6_9_00 3, 11, 15, 7, 4, 12
8_6_12 8, 16, 4, 12, 9, 1, 5, 13
7_30_16 12, 4, 8, 16, 5, 13, 1
4_6_18 11, 3, 7, 15
8_28_12 9, 1, 5, 13, 10, 2, 6, 14
6_3_20 11, 3, 7, 15, 12, 4
4_23_00 2, 10, 14, 6
8_21_04 4, 12, 16, 8, 5, 13, 1, 9
5_28_06 6, 14, 2, 10, 11
5_15_08 8, 16, 4, 12, 13
4_28_12 9, 1, 5, 13
4_30_12 10, 2, 6, 14
6_29_02 5, 13, 1, 9, 2, 10
6_13_06 7, 15, 3, 11, 4, 12
2_19_10 6, 14
1_21_06 5
5_13_04 6, 14, 2, 10, 3
8_19_20 11, 3, 7, 15, 12, 4, 8, 16
6_23_18 11, 3, 7, 15, 12, 4
2_11_06 6, 14
8_11_22 14, 6, 10, 2, 15, 7, 11, 3
3_2_08 1, 9, 13
5_23_14 9, 1, 5, 13, 2
4_1_02 2, 10, 14, 6
4_10_22 14, 6, 10, 2
7_17_08 5, 13, 1, 9, 6, 14, 2
3_10_14 6, 14, 2
4_18_00 1, 9, 13, 5
1_2_20 7
8_11_06 6, 14, 2, 10, 7, 15, 3, 11
8_3_08 5, 13, 1, 9, 6, 14, 2, 10
3_17_04 3, 11, 15
4_15_16 12, 4, 8, 16
6_5_18 11, 3, 7, 15, 12, 4
1_29_00 4
4_5_04 4, 12, 16, 8
2_22_04 16, 8
3_19_04 3, 11, 7
3_19_20 11, 3, 15
4_25_02 4, 12, 16, 8
5_15_14 11, 3, 7, 15, 16
7_4_08 5, 13, 1, 9, 10, 2, 6
4_1_08 5, 13, 1, 9
1_26_08 3
1_13_02 5
1_19_10 14
2_7_20 12, 4
7_10_22 14, 6, 10, 2, 11, 3, 7
7_26_22 14, 6, 10, 2, 11, 3, 7
4_20_12 7, 15, 3, 11
7_25_10 8, 16, 4, 12, 9, 1, 5
7_21_00 2, 10, 14, 6, 3, 11, 15
4_29_14 11, 3, 7, 15
2_18_20 7, 15
8_22_18 11, 3, 7, 15, 12, 4, 8, 16
7_29_00 4, 12, 16, 8, 1, 9, 13
2_5_16 10, 2
4_7_16 10, 2, 6, 14
3_23_18 11, 3, 15
4_12_14 10, 2, 6, 14
3_13_16 12, 4, 8
6_12_04 5, 13, 1, 9, 2, 10
3_29_04 6, 14, 2
6_5_10 7, 15, 3, 11, 8, 16
5_15_08 8, 16, 4, 12, 13
2_4_00 13, 5
1_9_10 8
4_28_02 4, 12, 16, 8
6_24_18 11, 3, 7, 15, 8, 16
6_25_18 12, 4, 8, 16, 13, 5
3_11_20 13, 5, 1
3_20_10 2, 10, 6
7_25_16 11, 3, 7, 15, 12, 4, 8
3_13_10 9, 1, 5
7_18_20 11, 3, 7, 15, 8, 16, 4
4_18_14 8, 16, 4, 12
6_9_02 4, 12, 16, 8, 5, 13
8_12_16 11, 3, 7, 15, 12, 4, 8, 16
7_16_22 15, 7, 11, 3, 16, 8, 12
7_29_22 15, 7, 11, 3, 12, 4, 8
3_13_00 4,12, 16
1_28_12 13
5_18_04 3, 11, 15, 7, 16
7_27_18 12, 4, 8, 16, 5, 13, 1
4_11_20 13, 5, 9, 1
8_22_18 11, 3, 7, 15, 12, 4, 8, 16
8_17_04 3, 11, 15, 7, 4, 12, 16, 8
7_6_02 3, 11, 15, 7, 16, 8, 12
1_9_04 5
5_20_08 5, 13, 1, 9, 10
3_4_12 3, 11, 7
7_24_08 6, 14, 2, 10, 11, 3, 7
5_1_04 3, 11, 15, 7, 4
5_29_08 8, 16, 4, 12, 5
4_20_20 11, 3, 7, 15
6_8_02 3, 11, 15, 7, 16, 8
7_10_20 13, 5, 9, 1, 10, 2, 6
3_23_20 12, 4, 16
6_4_04 3, 11, 15, 7, 16, 8
5_14_12 10, 2, 6, 14, 3
1_14_00 16
2_8_22 9, 1
6_8_02 3, 11, 15, 7, 16, 8
4_26_02 4, 12, 16, 8
6_24_04 4, 12, 16, 8, 1, 9
4_23_04 4, 12, 16, 8
4_6_06 5, 13, 1, 9
1_11_22 6
8_1_10 6, 14, 2, 10, 7, 15, 3, 11
6_21_02 3, 11, 15, 7, 4, 12
6_15_08 8, 16, 4, 12, 5, 13
3_4_14 4, 12, 8
1_15_00 12
5_28_16 11, 3, 7, 15, 16
3_21_10 7, 15, 3
6_5_20 12, 4, 8, 16, 13, 5
2_18_18 6, 14
3_26_00 15, 7, 11
5_26_02 4, 12, 16, 8, 1
7_13_02 5, 13, 1, 9, 2, 10, 14
6_11_16 11, 3, 7, 15, 12, 4
4_14_22 15, 7, 11, 3
6_27_18 12, 4, 8, 16, 13, 5
8_13_06 7, 15, 3, 11, 4, 12, 16, 8
8_3_18 10, 2, 6, 14, 11, 3, 7, 15
8_10_04 5, 13, 1, 9, 6, 14, 2, 10
5_27_08 7, 15, 3, 11, 16
6_31_08 8, 16, 4, 12, 5, 13
2_9_00 3, 11
5_9_08 7, 15, 3, 11, 8
5_26_08 7, 15, 3, 11, 4
5_20_18 10, 2, 6, 14, 15
4_12_12 9, 1, 5, 13
4_15_18 13, 5, 9, 1
7_27_02 4, 12, 16, 8, 13, 5, 9
1_8_08 10
6_7_14 9, 1, 5, 13, 10, 2
4_27_00 3, 11, 15, 7
7_19_04 3, 11, 15, 7, 12, 4, 8
3_27_22 14, 6, 2
3_16_16 8, 16, 12
8_16_14 11, 3, 7, 15, 8, 16, 4, 12
1_18_00 13
6_6_18 11, 3, 7, 15, 8, 16
4_1_18 10, 2, 6, 14
4_31_12 10, 2, 6, 14
3_5_18 11, 3, 7
3_10_12 5, 13, 1
7_1_08 5, 13, 1, 9, 6, 14, 2
1_11_08 15
7_18_22 12, 4, 8, 16, 9, 1, 5
5_29_18 13, 5, 9, 1, 10
1_25_10 8
3_11_04 5, 13, 9
4_14_00 4,12, 16, 8
5_17_20 11, 3, 7, 15, 12
8_27_22 14, 6, 10, 2, 15, 7, 11, 3
1_3_14 16
2_30_10 5, 13
2_9_18 12, 4
4_6_18 11, 3, 7, 15
7_25_14 10, 2, 6, 14, 11, 3, 7
4_22_22 13, 5, 9, 1
5_19_22 12, 4, 8, 16, 5
7_28_08 7, 15, 3, 11, 12, 4, 8
5_5_10 7, 15, 3, 11, 8
7_6_00 2, 10, 14, 6, 15, 7, 11
8_6_02 3, 11, 15, 7, 4, 12, 16, 8
4_26_18 12, 4, 8, 16
8_5_16 10, 2, 6, 14, 11, 3, 7, 15
8_14_12 10, 2, 6, 14, 7, 15, 3, 11
1_10_10 4
6_28_06 6, 14, 2, 10, 3, 11
4_9_20 13, 5, 9, 1
5_18_04 3, 11, 15, 7, 16
4_19_12 7, 15, 3, 11
6_26_16 11, 3, 7, 15, 8, 16
2_14_22 11, 3
5_23_04 4, 12, 16, 8, 13
2_17_06 4, 12
3_3_04 3, 11, 7
3_28_10 4, 12, 8
6_18_16 9, 1, 5, 13, 6, 14
7_7_12 8, 16, 4, 12, 1, 9, 13
2_21_06 5, 13
8_20_20 11, 3, 7, 15, 12, 4, 8, 16
5_16_18 13, 5, 9, 1, 14
7_7_10 7, 15, 3, 11, 16, 8, 12
8_31_22 15, 7, 11, 3, 12, 4, 8, 16
1_29_08 8
3_8_22 9, 1, 13
2_4_22 8, 16
3_16_06 3, 11, 7
4_13_22 15, 7, 11, 3
5_10_02 4, 12, 16, 8, 1
2_9_20 13, 5
5_29_20 14, 6, 10, 2, 11
4_29_12 10, 2, 6, 14
6_28_16 11, 3, 7, 15, 8, 16
8_6_18 11, 3, 7, 15, 12, 4, 8, 16
3_25_00 3, 11, 15
6_1_08 5, 13, 1, 9, 6, 14
2_8_14 5, 13
4_7_04 4, 12, 16, 8
2_25_00 3, 11
3_4_20 7, 15, 11
8_24_04 4, 12, 16, 8, 5, 13, 1, 9
7_26_12 9, 1, 5, 13, 6, 14, 2
4_19_06 4, 12, 16, 8
7_14_14 11, 3, 7, 15, 4, 12, 16
3_20_06 16, 8, 4
1_20_14 12
1_11_12 1
1_22_18 7
3_24_12 4, 12, 8
5_22_02 3, 11, 15, 7, 16
6_22_14 9, 1, 5, 13, 6, 14
6_14_08 8, 16, 4, 12, 1, 9
2_14_22 11, 3
7_28_16 11, 3, 7, 15, 16, 8, 12
2_15_12 10, 2
1_20_12 11
2_1_20 11, 3
7_26_14 10, 2, 6, 14, 7, 15, 3
1_21_08 6
8_7_02 3, 11, 15, 7, 4, 12, 16, 8
5_12_02 4, 12, 16, 8, 9
4_30_00 4,12, 16, 8
6_2_18 10, 2, 6, 14, 7, 15
4_8_04 4, 12, 16, 8
7_1_16 9, 1, 5, 13, 10, 2, 6
3_22_18 7, 15, 3
5_18_10 6, 14, 2, 10, 3
8_25_04 5, 13, 1, 9, 6, 14, 2, 10
7_15_12 10, 2, 6, 14, 15, 7, 11
6_27_12 9, 1, 5, 13, 10, 2
1_12_02 8
3_22_06 1, 9, 13
3_10_06 2, 10, 14
5_16_22 15, 7, 11, 3, 16
4_1_14 8, 16, 4, 12
5_8_10 7, 15, 3, 11, 12
3_18_04 15, 7, 11
4_26_20 13, 5, 9, 1
2_14_16 8, 16
4_24_04 4, 12, 16, 8
8_20_16 9, 1, 5, 13, 10, 2, 6, 14
1_16_06 11
2_2_12 3, 11
4_15_04 6, 14, 2, 10
1_20_06 8
5_22_20 12, 4, 8, 16, 9
8_29_00 4, 12, 16, 8, 1, 9, 13, 5
1_29_20 14
1_7_08 14
2_17_12 7, 15
4_1_14 8, 16, 4, 12
3_15_04 6, 14, 10
7_1_00 1, 9, 13, 5, 2, 10, 14
7_10_20 13, 5, 9, 1, 10, 2, 6
5_31_12 10, 2, 6, 14, 15
8_25_06 6, 14, 2, 10, 7, 15, 3, 11
8_17_02 2, 10, 14, 6, 3, 11, 15, 7
6_1_02 2, 10, 14, 6, 3, 11
3_24_12 4, 12, 8
4_24_00 2, 10, 14, 6
2_11_04 5, 13
7_10_16 11, 3, 7, 15, 8, 16, 4
7_6_04 4, 12, 16, 8, 1, 9, 13
8_13_00 4, 12, 16, 8, 1, 9, 13, 5
5_27_06 6, 14, 2, 10, 15
7_24_06 5, 13, 1, 9, 10, 2, 6
1_20_22 16
3_13_00 4,12, 16
7_2_00 1, 9, 13, 5, 14, 6, 10
6_11_18 12, 4, 8, 16, 13, 5
6_5_12 8, 16, 4, 12, 9, 1
8_10_04 5, 13, 1, 9, 6, 14, 2, 10
5_14_14 11, 3, 7, 15, 4
7_28_06 6, 14, 2, 10, 11, 3, 7
3_31_00 4,12, 8
6_31_14 11, 3, 7, 15, 8, 16
4_17_14 8, 16, 4, 12
1_12_16 15
6_31_10 9, 1, 5, 13, 6, 14
1_4_00 5
1_25_08 7
1_30_02 1
8_31_02 5, 13, 1, 9, 2, 10, 14, 6
7_18_00 1, 9, 13, 5, 14, 6, 10
4_22_10 7, 15, 3, 11
2_18_06 16, 8
4_30_02 5, 13, 1, 9
8_22_20 12, 4, 8, 16, 13, 5, 9, 1
8_20_12 7, 15, 3, 11, 8, 16, 4, 12
4_4_04 3, 11, 15, 7
4_7_08 6, 14, 2, 10
4_20_08 5, 13, 1, 9
3_3_08 5, 13, 9
3_26_22 10, 2, 6
2_14_18 9, 1
1_12_00 7
2_8_12 4, 12
5_8_18 11, 3, 7, 15, 16
4_6_00 2, 10, 14, 6
2_5_08 6, 14
7_13_08 8, 16, 4, 12, 5, 13, 1
7_30_08 8, 16, 4, 12, 1, 9, 13
6_16_20 14, 6, 10, 2, 7, 15
4_2_18 10, 2, 6, 14
4_23_04 4, 12, 16, 8
5_7_04 4, 12, 16, 8, 13
1_15_04 14
1_27_02 12
8_18_10 6, 14, 2, 10, 7, 15, 3, 11
1_24_14 13
3_25_10 8, 16, 4
3_27_10 8, 16, 12
5_9_16 11, 3, 7, 15, 12
6_29_20 14, 6, 10, 2, 11, 3
8_26_00 3, 11, 15, 7, 4, 12, 16, 8
2_1_18 10, 2
3_24_22 9, 1, 13
8_2_02 2, 10, 14, 6, 3, 11, 15, 7
6_10_04 5, 13, 1, 9, 2, 10
7_5_22 13, 5, 9, 1, 14, 6, 10
1_30_06 3
1_8_14 13
1_4_04 7
3_4_14 4, 12, 8
5_11_22 14, 6, 10, 2, 7
5_1_06 4, 12, 16, 8, 5
8_12_04 5, 13, 1, 9, 6, 14, 2, 10
6_1_06 4, 12, 16, 8, 5, 13
6_12_06 6, 14, 2, 10, 3, 11
5_19_10 6, 14, 2, 10, 15
8_14_08 8, 16, 4, 12, 5, 13, 1, 9
7_6_16 10, 2, 6, 14, 7, 15, 3
4_18_06 4, 12, 16, 8
6_29_04 6, 14, 2, 10, 3, 11
7_20_18 10, 2, 6, 14, 15, 7, 11
1_14_14 7
6_22_18 11, 3, 7, 15, 8, 16
1_22_00 14
5_20_20 11, 3, 7, 15, 16
5_17_22 12, 4, 8, 16, 13
8_19_20 11, 3, 7, 15, 12, 4, 8, 16
8_21_12 8, 16, 4, 12, 9, 1, 5, 13
8_24_14 9, 1, 5, 13, 10, 2, 6, 14
8_19_06 4, 12, 16, 8, 5, 13, 1, 9
4_29_04 6, 14, 2, 10
8_6_18 11, 3, 7, 15, 12, 4, 8, 16
5_10_08 7, 15, 3, 11, 4
2_28_20 9, 1
6_18_22 12, 4, 8, 16, 9, 1
7_1_08 5, 13, 1, 9, 6, 14, 2
3_25_16 11, 3, 7
2_4_02 14, 6
4_1_22 12, 4, 8, 16
1_11_22 6
6_24_08 6, 14, 2, 10, 3, 11
7_15_18 13, 5, 9, 1, 2, 10, 14
6_1_06 4, 12, 16, 8, 5, 13
3_16_00 16, 8, 4
8_18_06 4, 12, 16, 8, 5, 13, 1, 9
1_18_12 3
2_28_12 5, 13
8_21_20 12, 4, 8, 16, 13, 5, 9, 1
2_13_12 10, 2
7_20_18 10, 2, 6, 14, 15, 7, 11
8_5_04 4, 12, 16, 8, 5, 13, 1, 9
3_5_08 6, 14, 2
2_26_16 7, 15
2_6_20 8, 16
1_10_16 7
6_13_02 5, 13, 1, 9, 2, 10
7_24_16 10, 2, 6, 14, 15, 7, 11
6_7_20 12, 4, 8, 16, 13, 5
7_3_16 9, 1, 5, 13, 2, 10, 14
6_18_16 9, 1, 5, 13, 6, 14
1_18_18 6
6_31_16 12, 4, 8, 16, 9, 1
3_23_14 9, 1, 13
2_12_16 7, 15
2_26_14 6, 14
5_10_18 12, 4, 8, 16, 9
3_23_04 4, 12, 8
3_7_22 13, 5, 1
2_5_20 12, 4
8_22_22 13, 5, 9, 1, 14, 6, 10, 2
6_22_18 11, 3, 7, 15, 8, 16
1_25_16 11
2_19_14 8, 16
5_11_00 3, 11, 15, 7, 12
4_11_04 5, 13, 1, 9
2_29_10 9, 1
5_10_22 14, 6, 10, 2, 11
1_23_04 12
2_30_14 7, 15
1_2_18 6
5_30_06 7, 15, 3, 11, 16
3_27_08 7, 15, 11
5_22_12 8, 16, 4, 12, 5
7_5_14 9, 1, 5, 13, 10, 2, 6
3_21_14 9, 1, 5
4_11_02 4, 12, 16, 8
4_31_02 5, 13, 1, 9
4_11_06 6, 14, 2, 10
8_19_20 11, 3, 7, 15, 12, 4, 8, 16
4_20_08 5, 13, 1, 9
4_3_22 12, 4, 8, 16
4_11_22 14, 6, 10, 2
4_15_14 11, 3, 7, 15
4_31_14 11, 3, 7, 15
1_5_16 10
6_17_08 5, 13, 1, 9, 6, 14
7_3_04 3, 11, 15, 7, 12, 4, 8
6_2_00 1, 9, 13, 5, 14, 6
4_22_14 9, 1, 5, 13
8_17_06 4, 12, 16, 8, 5, 13, 1, 9
8_27_10 8, 16, 4, 12, 9, 1, 5, 13
1_13_14 11
1_9_22 14
8_11_04 5, 13, 1, 9, 6, 14, 2, 10
8_20_14 8, 16, 4, 12, 9, 1, 5, 13
8_17_10 6, 14, 2, 10, 7, 15, 3, 11
4_12_22 14, 6, 10, 2
6_29_02 5, 13, 1, 9, 2, 10
8_23_08 6, 14, 2, 10, 7, 15, 3, 11
7_18_14 8, 16, 4, 12, 5, 13, 1
1_1_10 6
4_27_16 11, 3, 7, 15
4_22_10 7, 15, 3, 11
7_18_22 12, 4, 8, 16, 9, 1, 5
7_29_00 4, 12, 16, 8, 1, 9, 13
4_2_06 4, 12, 16, 8
5_9_08 7, 15, 3, 11, 8
1_22_14 5
5_15_06 7, 15, 3, 11, 12
5_24_06 5, 13, 1, 9, 10
5_6_04 4, 12, 16, 8, 1
1_13_12 10
3_21_10 7, 15, 3
8_31_18 13, 5, 9, 1, 10, 2, 6, 14
7_28_22 14, 6, 10, 2, 3, 11, 15
5_23_02 3, 11, 15, 7, 12
4_6_22 13, 5, 9, 1
6_29_06 7, 15, 3, 11, 4, 12
7_22_16 10, 2, 6, 14, 7, 15, 3
3_8_20 8, 16, 12
5_1_16 9, 1, 5, 13, 10
6_6_16 10, 2, 6, 14, 7, 15
1_1_00 1
1_13_08 8
1_25_22 14
5_28_18 12, 4, 8, 16, 1
7_18_14 8, 16, 4, 12, 5, 13, 1
8_22_10 7, 15, 3, 11, 8, 16, 4, 12
2_20_00 13, 5
7_19_08 5, 13, 1, 9, 14, 6, 10
5_1_14 8, 16, 4, 12, 9
7_14_08 8, 16, 4, 12, 1, 9, 13
8_19_08 5, 13, 1, 9, 6, 14, 2, 10
5_2_16 9, 1, 5, 13, 6
5_10_04 5, 13, 1, 9, 2
7_18_20 11, 3, 7, 15, 8, 16, 4
7_9_20 13, 5, 9, 1, 14, 6, 10
1_9_12 9
4_29_08 8, 16, 4, 12
5_9_04 5, 13, 1, 9, 6
8_9_04 5, 13, 1, 9, 6, 14, 2, 10
1_13_16 12
5_21_06 5, 13, 1, 9, 6
6_31_04 6, 14, 2, 10, 3, 11
6_4_14 8, 16, 4, 12, 5, 13
4_1_02 2, 10, 14, 6
2_25_14 10, 2
6_29_06 7, 15, 3, 11, 4, 12
7_6_22 13, 5, 9, 1, 10, 2, 6
6_27_12 9, 1, 5, 13, 10, 2
8_14_12 10, 2, 6, 14, 7, 15, 3, 11
1_17_16 9
6_28_18 12, 4, 8, 16, 9, 1
8_27_20 13, 5, 9, 1, 14, 6, 10, 2
8_19_14 8, 16, 4, 12, 9, 1, 5, 13
2_13_10 9, 1
6_11_14 10, 2, 6, 14, 11, 3
7_17_08 5, 13, 1, 9, 6, 14, 2
4_21_06 5, 13, 1, 9
2_20_08 1, 9
1_17_04 3
1_8_04 8
5_18_16 9, 1, 5, 13, 6
7_5_00 2, 10, 14, 6, 3, 11, 15
1_1_12 7
1_11_10 16
2_27_14 10, 2
5_26_00 3, 11, 15, 7, 16
6_13_00 4, 12, 16, 8, 1, 9
1_13_18 13
6_13_04 6, 14, 2, 10, 3, 11
7_4_14 8, 16, 4, 12, 13, 5, 9
3_24_16 6, 14, 10
6_18_08 5, 13, 1, 9, 2, 10
5_11_02 4, 12, 16, 8, 13
8_16_12 10, 2, 6, 14, 7, 15, 3, 11
7_3_14 8, 16, 4, 12, 1, 9, 13
3_18_16 5, 13, 1
6_31_14 11, 3, 7, 15, 8, 16
1_26_02 16
6_28_12 9, 1, 5, 13, 6, 14
6_2_06 4, 12, 16, 8, 1, 9
6_6_14 9, 1, 5, 13, 6, 14
8_3_06 4, 12, 16, 8, 5, 13, 1, 9
6_16_12 10, 2, 6, 14, 3, 11
3_15_00 4,12, 8
5_30_20 14, 6, 10, 2, 7
1_2_02 14
1_23_02 11
8_30_18 13, 5, 9, 1, 10, 2, 6, 14
5_1_16 9, 1, 5, 13, 10
3_9_02 4, 12, 16
3_18_22 8, 16, 4
3_19_22 12, 4, 16
6_14_10 9, 1, 5, 13, 2, 10
1_8_06 9
5_7_02 3, 11, 15, 7, 12
7_12_20 13, 5, 9, 1, 2, 10, 14
3_2_18 6, 14, 2
2_16_02 1, 9
5_24_00 2, 10, 14, 6, 7
4_19_12 7, 15, 3, 11
3_6_04 16, 8, 12
6_11_14 10, 2, 6, 14, 11, 3
7_19_20 11, 3, 7, 15, 4, 12, 16
5_27_16 11, 3, 7, 15, 4
5_17_16 9, 1, 5, 13, 10
7_14_06 7, 15, 3, 11, 16, 8, 12
2_9_10 8, 16
2_2_18 6, 14
5_23_22 13, 5, 9, 1, 6
3_31_22 15, 7, 3
8_5_02 3, 11, 15, 7, 4, 12, 16, 8
2_10_06 2, 10
4_17_00 1, 9, 13, 5
1_17_14 8
2_8_04 16, 8
7_27_22 14, 6, 10, 2, 7, 15, 3
1_15_12 2
2_29_22 15, 7
6_29_06 7, 15, 3, 11, 4, 12
2_3_20 11, 3
6_17_04 3, 11, 15, 7, 4, 12
3_30_16 8, 16, 4
7_23_10 7, 15, 3, 11, 16, 8, 12
5_14_12 10, 2, 6, 14, 3
4_28_00 3, 11, 15, 7
4_12_00 3, 11, 15, 7
1_16_22 3
3_1_06 4, 12, 16
2_16_18 9, 1
2_15_10 9, 1
8_20_16 9, 1, 5, 13, 10, 2, 6, 14
1_28_06 10
7_3_12 7, 15, 3, 11, 16, 8, 12
7_17_14 8, 16, 4, 12, 9, 1, 5
7_17_04 3, 11, 15, 7, 4, 12, 16
1_23_04 12
4_29_02 5, 13, 1, 9
4_27_16 11, 3, 7, 15
1_2_18 6
5_15_14 11, 3, 7, 15, 16
8_11_04 5, 13, 1, 9, 6, 14, 2, 10
3_16_06 3, 11, 7
3_9_04 5, 13, 1
5_11_18 12, 4, 8, 16, 5
7_13_16 12, 4, 8, 16, 9, 1, 5
2_7_08 6, 14
2_16_10 5, 13
2_5_10 7, 15
1_4_18 14
3_10_10 4, 12, 16
8_29_20 14, 6, 10, 2, 11, 3, 7, 15
8_6_20 12, 4, 8, 16, 13, 5, 9, 1
1_7_02 11
8_2_20 11, 3, 7, 15, 12, 4, 8, 16
7_9_22 14, 6, 10, 2, 15, 7, 11
6_6_18 11, 3, 7, 15, 8, 16
8_12_08 7, 15, 3, 11, 8, 16, 4, 12
4_28_10 8, 16, 4, 12
2_9_06 6, 14
5_14_06 7, 15, 3, 11, 16
1_28_20 1
5_27_14 10, 2, 6, 14, 3
1_8_02 7
3_18_18 6, 14, 2
1_4_08 9
8_4_02 2, 10, 14, 6, 3, 11, 15, 7
1_31_18 5
6_14_02 5, 13, 1, 9, 14, 6
8_27_02 4, 12, 16, 8, 5, 13, 1, 9
7_14_20 14, 6, 10, 2, 7, 15, 3
1_6_12 4
5_3_22 12, 4, 8, 16, 5
2_4_00 13, 5
8_6_12 8, 16, 4, 12, 9, 1, 5, 13
5_13_16 12, 4, 8, 16, 9
5_9_06 6, 14, 2, 10, 7
2_16_00 16, 8
2_19_14 8, 16
4_14_14 11, 3, 7, 15
1_14_18 9
5_17_08 5, 13, 1, 9, 6
1_10_04 1
7_18_14 8, 16, 4, 12, 5, 13, 1
6_30_02 5, 13, 1, 9, 14, 6
8_21_04 4, 12, 16, 8, 5, 13, 1, 9
5_14_22 15, 7, 11, 3, 8
1_9_06 6
7_1_08 5, 13, 1, 9, 6, 14, 2
1_13_02 5
2_1_10 6, 14
2_12_18 8, 16
4_19_06 4, 12, 16, 8
2_27_20 13, 5
8_9_02 4, 12, 16, 8, 5, 13, 1, 9
6_24_12 8, 16, 4, 12, 5, 13
8_9_08 7, 15, 3, 11, 8, 16, 4, 12
4_15_04 6, 14, 2, 10
7_10_18 12, 4, 8, 16, 9, 1, 5
5_3_20 11, 3, 7, 15, 4
7_11_00 3, 11, 15, 7, 12, 4, 8
2_25_06 6, 14
4_5_04 4, 12, 16, 8
2_26_02 16, 8
8_4_10 6, 14, 2, 10, 7, 15, 3, 11
3_13_12 10, 2, 6
8_16_14 11, 3, 7, 15, 8, 16, 4, 12
7_14_08 8, 16, 4, 12, 1, 9, 13
5_9_22 14, 6, 10, 2, 15
8_10_22 14, 6, 10, 2, 15, 7, 11, 3
5_26_22 14, 6, 10, 2, 11
2_25_00 3, 11
7_8_00 2, 10, 14, 6, 7, 15, 3
8_16_00 4, 12, 16, 8, 1, 9, 13, 5
8_18_22 12, 4, 8, 16, 13, 5, 9, 1
6_2_20 11, 3, 7, 15, 8, 16
5_18_08 5, 13, 1, 9, 2
7_4_10 6, 14, 2, 10, 11, 3, 7
5_21_12 8, 16, 4, 12, 9
7_19_06 4, 12, 16, 8, 13, 5, 9
2_11_02 4, 12
6_15_16 12, 4, 8, 16, 9, 1
1_19_18 2
2_20_08 1, 9
2_4_16 5, 13
3_21_02 3, 11, 15
5_18_20 11, 3, 7, 15, 8
1_30_14 7
4_26_18 12, 4, 8, 16
7_21_08 6, 14, 2, 10, 7, 15, 3
5_17_22 12, 4, 8, 16, 13
3_11_14 10, 2, 14
6_26_00 3, 11, 15, 7, 16, 8
3_2_12 3, 11, 15
8_22_18 11, 3, 7, 15, 12, 4, 8, 16
5_2_14 8, 16, 4, 12, 5
3_13_08 8, 16, 4
7_13_10 9, 1, 5, 13, 6, 14, 2
2_30_18 9, 1
6_13_16 12, 4, 8, 16, 9, 1
1_21_06 5
7_31_06 7, 15, 3, 11, 12, 4, 8
8_10_02 4, 12, 16, 8, 5, 13, 1, 9
3_5_00 2, 10, 14
4_2_02 2, 10, 14, 6
7_26_10 8, 16, 4, 12, 5, 13, 1
2_31_02 5, 13
5_29_16 12, 4, 8, 16, 9
3_21_04 4, 12, 16
3_18_10 2, 10, 14
4_18_02 2, 10, 14, 6
8_16_18 13, 5, 9, 1, 10, 2, 6, 14
5_14_08 8, 16, 4, 12, 1
8_30_22 15, 7, 11, 3, 12, 4, 8, 16
2_7_02 3, 11
6_2_22 12, 4, 8, 16, 9, 1
3_12_10 4, 12, 8
4_8_18 11, 3, 7, 15
6_8_08 6, 14, 2, 10, 3, 11
4_20_16 9, 1, 5, 13
2_14_08 4, 12
2_9_02 4, 12
7_26_12 9, 1, 5, 13, 6, 14, 2
2_31_04 6, 14
4_27_06 6, 14, 2, 10
8_24_14 9, 1, 5, 13, 10, 2, 6, 14
3_16_22 11, 3, 15
2_24_04 16, 8
2_4_22 8, 16
3_31_12 10, 2, 14
8_1_16 9, 1, 5, 13, 10, 2, 6, 14
3_5_16 10, 2, 6
7_13_16 12, 4, 8, 16, 9, 1, 5
4_24_04 4, 12, 16, 8
1_21_22 13
1_28_16 15
2_26_04 1, 9
8_25_04 5, 13, 1, 9, 6, 14, 2, 10
5_12_06 6, 14, 2, 10, 11
7_30_00 4, 12, 16, 8, 13, 5, 9
8_13_10 9, 1, 5, 13, 6, 14, 2, 10
4_19_00 1, 9, 13, 5
2_6_02 15, 7
1_21_20 12
6_2_22 12, 4, 8, 16, 9, 1
6_4_08 5, 13, 1, 9, 2, 10
7_14_08 8, 16, 4, 12, 1, 9, 13
8_19_12 7, 15, 3, 11, 8, 16, 4, 12
5_31_08 8, 16, 4, 12, 13
2_30_20 10, 2
5_14_14 11, 3, 7, 15, 4
1_20_06 8
4_18_08 5, 13, 1, 9
1_29_10 9
5_10_14 10, 2, 6, 14, 7
7_3_02 2, 10, 14, 6, 11, 3, 7
8_27_06 6, 14, 2, 10, 7, 15, 3, 11
7_7_20 12, 4, 8, 16, 5, 13, 1
8_1_12 7, 15, 3, 11, 8, 16, 4, 12
5_22_18 11, 3, 7, 15, 8
7_5_22 13, 5, 9, 1, 14, 6, 10
5_4_06 4, 12, 16, 8, 9
2_31_22 15, 7
5_19_02 2, 10, 14, 6, 11
4_15_08 8, 16, 12
1_20_14 12
5_21_08 6, 14, 2, 10, 7
3_11_20 13, 5, 1
8_28_04 5, 13, 1, 9, 6, 14, 2, 10
8_8_20 12, 4, 8, 16, 13, 5, 9, 1
8_24_02 3, 11, 15, 7, 4, 12, 16, 8
3_31_12 10, 2, 14
8_23_00 2, 10, 14, 6, 3, 11, 15, 7
1_13_02 5
1_23_12 16
5_8_14 9, 1, 5, 13, 14
4_21_02 3, 11, 15, 7
6_23_16 10, 2, 6, 14, 11, 3
4_19_12 7, 15, 3, 11
7_6_06 5, 13, 1, 9, 2, 10, 14
1_12_02 8
8_30_02 5, 13, 1, 9, 2, 10, 14, 6
8_24_02 3, 11, 15, 7, 4, 12, 16, 8
8_20_10 6, 14, 2, 10, 7, 15, 3, 11
1_25_18 12
7_17_12 7, 15, 3, 11, 8, 16, 4
8_24_08 6, 14, 2, 10, 7, 15, 3, 11
4_24_16 10, 2, 6, 14
8_12_00 3, 11, 15, 7, 4, 12, 16, 8
1_31_18 5
2_18_20 7, 15
1_20_06 8
6_9_18 12, 4, 8, 16, 13, 5
1_29_22 15
6_15_02 5, 13, 1, 9, 2, 10
1_24_00 6
7_21_04 4, 12, 16, 8, 5, 13, 1
8_29_14 11, 3, 7, 15, 8, 16, 4, 12
8_23_06 5, 13, 1, 9, 6, 14, 2, 10
1_20_00 5
8_30_16 12, 4, 8, 16, 9, 1, 5, 13
7_9_12 9, 1, 5, 13, 10, 2, 6
3_14_12 6, 14, 2
8_4_16 9, 1, 5, 13, 10, 2, 6, 14
2_13_22 15, 7
7_23_00 2, 10, 14, 6, 11, 3, 7
6_23_12 8, 16, 4, 12, 9, 1
7_24_22 13, 5, 9, 1, 2, 10, 14
3_2_12 3, 11, 15
8_30_06 7, 15, 3, 11, 4, 12, 16, 8
1_29_00 4
2_25_16 11, 3
1_4_22 16
6_19_02 2, 10, 14, 6, 3, 11
6_23_18 11, 3, 7, 15, 12, 4
1_5_00 2
5_20_22 12, 4, 8, 16, 1
4_4_04 3, 11, 15, 7
4_5_16 10, 2, 6, 14
5_28_04 5, 13, 1, 9, 10
6_5_10 7, 15, 3, 11, 8, 16
2_19_16 9, 1
7_9_08 7, 15, 3, 11, 8, 16, 4
6_26_06 6, 14, 2, 10, 3, 11
8_20_16 9, 1, 5, 13, 10, 2, 6, 14
6_26_16 11, 3, 7, 15, 8, 16
8_7_18 11, 3, 7, 15, 12, 4, 8, 16
3_30_08 4, 12, 16
2_2_08 1, 9
3_13_10 9, 1, 5
4_21_12 8, 16, 4, 12
1_2_12 3
3_2_00 13, 5, 9
6_31_08 8, 16, 4, 12, 5, 13
5_10_00 3, 11, 15, 7, 16
3_17_16 9, 1, 5
4_11_00 3, 11, 15, 7
1_23_02 11
3_10_02 16, 8, 12
5_2_04 3, 11, 15, 7, 16
1_16_22 3
2_13_08 8, 16
4_25_06 6, 14, 2, 10
8_27_08 7, 15, 3, 11, 8, 16, 4, 12
8_25_18 12, 4, 8, 16, 13, 5, 9, 1
5_18_20 11, 3, 7, 15, 8
6_25_12 9, 1, 5, 13, 10, 2
8_28_00 3, 11, 15, 7, 4, 12, 16, 8
5_17_14 8, 16, 4, 12, 9
3_1_04 3, 11, 15
5_23_22 13, 5, 9, 1, 6
7_19_10 6, 14, 2, 10, 15, 7, 11
2_3_16 9, 1
2_2_18 6, 14
1_6_12 4
3_29_08 8, 16, 4
5_4_04 3, 11, 15, 7, 8
3_15_04 6, 14, 10
7_13_04 6, 14, 2, 10, 3, 11, 15
2_13_04 6, 14
5_31_22 15, 7, 11, 3, 4
3_6_12 4, 12, 16
6_7_20 12, 4, 8, 16, 13, 5
1_17_00 1
4_2_00 1, 9, 13, 5
8_21_12 8, 16, 4, 12, 9, 1, 5, 13
2_14_16 8, 16
5_4_08 5, 13, 1, 9, 10
2_9_22 14, 6
5_5_06 5, 13, 1, 9, 6
2_22_14 5, 13
3_15_02 5, 13, 9
3_18_14 4, 12, 16
4_13_12 10, 2, 6, 14
5_5_14 9, 1, 5, 13, 10
1_21_14 9
5_18_10 6, 14, 2, 10, 3
6_6_14 9, 1, 5, 13, 6, 14
8_6_08 6, 14, 2, 10, 7, 15, 3, 11
6_13_00 4, 12, 16, 8, 1, 9
3_27_12 9, 1, 13
2_22_00 14, 6
4_11_02 4, 12, 16, 8
3_2_02 14, 6, 10
4_30_14 11, 3, 7, 15
2_25_16 11, 3
8_22_18 11, 3, 7, 15, 12, 4, 8, 16
1_9_12 9
7_15_06 7, 15, 3, 11, 12, 4, 8
7_17_16 9, 1, 5, 13, 10, 2, 6
8_25_04 5, 13, 1, 9, 6, 14, 2, 10
5_7_22 13, 5, 9, 1, 6
3_11_16 11, 3, 15
8_8_12 8, 16, 4, 12, 9, 1, 5, 13
6_11_10 8, 16, 4, 12, 9, 1
1_1_10 6
1_28_06 10
4_9_18 12, 4, 8, 16
1_7_16 2
6_1_06 4, 12, 16, 8, 5, 13
2_25_02 4, 12
4_4_14 8, 16, 4, 12
3_14_06 3, 11, 15
7_12_00 3, 11, 15, 7, 8, 16, 4
4_13_16 12, 4, 8, 16
3_12_00 15, 7, 3
4_6_18 11, 3, 7, 15
4_29_08 8, 16, 4, 12
6_6_08 6, 14, 2, 10, 3, 11
6_27_10 8, 16, 4, 12, 9, 1
8_7_16 10, 2, 6, 14, 11, 3, 7, 15
8_2_18 10, 2, 6, 14, 11, 3, 7, 15
3_25_00 3, 11, 15
7_2_10 6, 14, 2, 10, 3, 11, 15
4_7_16 10, 2, 6, 14
5_12_20 13, 5, 9, 1, 2
2_21_02 3, 11
6_6_08 6, 14, 2, 10, 3, 11
4_4_20 11, 3, 7, 15
1_21_18 11
3_21_14 9, 1, 5
8_28_22 14, 6, 10, 2, 15, 7, 11, 3
7_23_04 4, 12, 16, 8, 13, 5, 9
5_13_20 14, 6, 10, 2, 11
8_5_20 12, 4, 8, 16, 13, 5, 9, 1
6_5_04 4, 12, 16, 8, 5, 13
3_16_18 9, 1, 13
2_18_10 2, 10
4_26_18 12, 4, 8, 16
7_16_02 5, 13, 1, 9, 6, 14, 2
2_5_06 5, 13
4_22_20 12, 4, 8, 16
4_2_22 12, 4, 8, 16
6_18_00 1, 9, 13, 5, 14, 6
7_4_18 10, 2, 6, 14, 15, 7, 11
1_19_18 2
3_23_04 4, 12, 8
1_12_06 10
8_10_18 12, 4, 8, 16, 13, 5, 9, 1
4_5_18 11, 3, 7, 15
3_7_22 13, 5, 1
1_6_14 5
2_24_14 5, 13
3_3_04 3, 11, 7
5_17_10 6, 14, 2, 10, 7
1_3_20 3
1_30_10 5
8_28_16 11, 3, 7, 15, 12, 4, 8, 16
2_19_08 5, 13
2_16_14 7, 15
3_21_22 13, 5, 9
2_3_18 10, 2
8_3_10 6, 14, 2, 10, 7, 15, 3, 11
1_2_08 1
5_8_04 4, 12, 16, 8, 9
8_23_08 6, 14, 2, 10, 7, 15, 3, 11
7_10_20 13, 5, 9, 1, 10, 2, 6
3_30_18 9, 1, 5
6_13_22 15, 7, 11, 3, 12, 4
8_14_14 11, 3, 7, 15, 8, 16, 4, 12
7_30_04 6, 14, 2, 10, 15, 7, 11
6_10_18 12, 4, 8, 16, 9, 1
1_21_00 2
2_26_16 7, 15
8_6_18 11, 3, 7, 15, 12, 4, 8, 16
5_19_00 1, 9, 13, 5, 10
2_10_04 1, 9
2_24_10 3, 11
5_6_00 2, 10, 14, 6, 15
8_6_04 4, 12, 16, 8, 5, 13, 1, 9
4_29_00 4,12, 16, 8
3_16_08 4, 12, 8
5_24_16 10, 2, 6, 14, 15
5_10_16 11, 3, 7, 15, 8
8_4_06 4, 12, 16, 8, 5, 13, 1, 9
2_4_02 14, 6
2_17_06 4, 12
4_13_06 7, 15, 3, 11
5_17_00 1, 9, 13, 5, 2
6_22_16 10, 2, 6, 14, 7, 15
7_11_14 10, 2, 6, 14, 3, 11, 15
3_9_08 7, 15, 3
8_29_18 13, 5, 9, 1, 10, 2, 6, 14
2_30_14 7, 15
4_5_04 4, 12, 16, 8
5_7_16 10, 2, 6, 14, 3
2_22_12 4, 12
8_19_04 3, 11, 15, 7, 4, 12, 16, 8
2_14_18 9, 1
4_13_12 10, 2, 6, 14
4_6_08 6, 14, 2, 10
5_29_20 14, 6, 10, 2, 11
2_2_20 7, 15
2_28_16 7, 15
7_31_02 5, 13, 1, 9, 10, 2, 6
2_31_14 11, 3
3_23_08 6, 14, 10
1_20_02 6
6_19_20 11, 3, 7, 15, 12, 4
1_29_10 9
4_1_18 10, 2, 6, 14
4_27_22 14, 6, 10, 2
8_1_08 5, 13, 1, 9, 6, 14, 2, 10
3_3_12 7, 15, 11
4_31_22 15, 7, 11, 3
7_8_04 4, 12, 16, 8, 9, 1, 5
5_23_02 3, 11, 15, 7, 12
5_7_14 9, 1, 5, 13, 2
4_5_02 3, 11, 15, 7
1_3_04 11
6_26_00 3, 11, 15, 7, 16, 8
1_20_10 10
7_9_14 10, 2, 6, 14, 11, 3, 7
2_30_02 1, 9
2_20_06 16, 8
7_19_14 8, 16, 4, 12, 1, 9, 13
5_3_10 6, 14, 2, 10, 15
5_17_22 12, 4, 8, 16, 13
8_14_10 9, 1, 5, 13, 6, 14, 2, 10
6_10_12 9, 1, 5, 13, 6, 14
3_31_04 6, 14, 10
7_1_12 7, 15, 3, 11, 8, 16, 4
6_24_00 2, 10, 14, 6, 15, 7
7_3_00 1, 9, 13, 5, 10, 2, 6
2_23_14 9, 1
1_13_04 6
3_3_20 11, 3, 15
4_10_14 10, 2, 6, 14
8_11_22 14, 6, 10, 2, 15, 7, 11, 3
4_15_02 5, 13, 1, 9
2_12_04 1, 9
2_6_20 8, 16
8_13_02 5, 13, 1, 9, 2, 10, 14, 6
7_13_10 9, 1, 5, 13, 6, 14, 2
5_21_12 8, 16, 4, 12, 9
8_14_18 13, 5, 9, 1, 10, 2, 6, 14
4_23_08 6, 14, 2, 10
5_14_00 4, 12, 16, 8, 13
6_9_22 14, 6, 10, 2, 15, 7
2_9_12 9, 1
5_20_02 2, 10, 14, 6, 7
3_27_14 10, 2, 14
5_27_02 4, 12, 16, 8, 13
1_13_10 9
3_10_02 16, 8, 12
5_3_10 6, 14, 2, 10, 15
2_16_02 1, 9
1_3_14 16
2_3_08 5, 13
2_25_10 8, 16
6_22_16 10, 2, 6, 14, 7, 15
1_15_10 1
6_7_20 12, 4, 8, 16, 13, 5
5_30_04 6, 14, 2, 10, 15
1_22_06 1
4_9_10 8, 16, 4, 12
2_2_12 3, 11
2_19_20 11, 3
1_18_12 3
1_11_16 3
3_28_22 10, 2, 14
6_20_12 7, 15, 3, 11, 4, 12
8_30_08 8, 16, 4, 12, 5, 13, 1, 9
1_14_06 3
3_7_00 2, 10, 6
6_11_02 4, 12, 16, 8, 5, 13
3_31_14 11, 3, 15
3_29_20 14, 6, 10
7_19_08 5, 13, 1, 9, 14, 6, 10
7_27_04 5, 13, 1, 9, 14, 6, 10
7_19_06 4, 12, 16, 8, 13, 5, 9
2_7_18 11, 3
8_11_02 4, 12, 16, 8, 5, 13, 1, 9
6_15_00 4, 12, 16, 8, 1, 9
5_29_14 11, 3, 7, 15, 8
6_9_22 14, 6, 10, 2, 15, 7
5_6_12 8, 16, 4, 12, 5
1_18_06 16
8_5_14 9, 1, 5, 13, 10, 2, 6, 14
1_10_14 6
4_13_06 7, 15, 3, 11
3_8_02 15, 7, 3
4_30_04 6, 14, 2, 10
7_7_08 6, 14, 2, 10, 15, 7, 11
5_6_08 6, 14, 2, 10, 3
2_12_00 15, 7
4_18_10 6, 14, 2, 10
3_16_10 5, 13, 9
5_30_04 6, 14, 2, 10, 15
5_14_16 12, 4, 8, 16, 5
8_12_18 12, 4, 8, 16, 13, 5, 9, 1
7_2_22 12, 4, 8, 16, 9, 1, 5
6_20_08 5, 13, 1, 9, 2, 10
7_22_22 13, 5, 9, 1, 10, 2, 6
4_25_12 9, 1, 5, 13
8_27_20 13, 5, 9, 1, 14, 6, 10, 2
4_27_02 4, 12, 16, 8
3_20_02 14, 6, 2
3_27_14 10, 2, 14
3_26_02 16, 8, 12
3_6_06 1, 9, 13
3_14_10 5, 13, 1
5_9_12 9, 1, 5, 13, 10
8_30_00 4, 12, 16, 8, 1, 9, 13, 5
7_28_12 9, 1, 5, 13, 14, 6, 10
8_12_14 10, 2, 6, 14, 11, 3, 7, 15
6_14_02 5, 13, 1, 9, 14, 6
8_22_14 9, 1, 5, 13, 10, 2, 6, 14
6_19_06 4, 12, 16, 8, 5, 13
8_13_06 7, 15, 3, 11, 4, 12, 16, 8
7_14_20 14, 6, 10, 2, 7, 15, 3
2_29_10 9, 1
1_18_12 3
5_12_16 11, 3, 7, 15, 16
5_27_06 6, 14, 2, 10, 15
5_1_20 11, 3, 7, 15, 12
2_7_04 4, 12
5_18_06 4, 12, 16, 8, 1
1_19_16 1
7_26_10 8, 16, 4, 12, 5, 13, 1
2_1_20 11, 3
2_8_18 7, 15
5_4_16 9, 1, 5, 13, 14
5_22_18 11, 3, 7, 15, 8
8_15_00 4, 12, 16, 8, 1, 9, 13, 5
6_7_22 13, 5, 9, 1, 14, 6
6_6_22 13, 5, 9, 1, 10, 2
8_2_18 10, 2, 6, 14, 11, 3, 7, 15
5_22_14 9, 1, 5, 13, 6
7_20_02 2, 10, 14, 6, 7, 15, 3
6_24_02 3, 11, 15, 7, 16, 8
5_8_00 2, 10, 14, 6, 7
1_21_16 10
6_22_02 3, 11, 15, 7, 16, 8
4_20_18 10, 2, 6, 14
8_16_04 6, 14, 2, 10, 3, 11, 15, 7
5_13_18 13, 5, 9, 1, 10
6_24_04 4, 12, 16, 8, 1, 9
8_31_20 14, 6, 10, 2, 11, 3, 7, 15
3_4_20 7, 15, 11
7_30_00 4, 12, 16, 8, 13, 5, 9
7_6_12 8, 16, 4, 12, 5, 13, 1
1_1_06 4
8_12_02 4, 12, 16, 8, 5, 13, 1, 9
7_18_10 6, 14, 2, 10, 3, 11, 15
4_11_22 14, 6, 10, 2
7_31_00 4, 12, 16, 8, 9, 1, 5
5_20_20 11, 3, 7, 15, 16
4_8_06 5, 13, 1, 9
7_16_06 7, 15, 3, 11, 8, 16, 4
6_10_02 4, 12, 16, 8, 1, 9
2_11_16 11, 3
5_14_08 8, 16, 4, 12, 1
7_6_14 9, 1, 5, 13, 6, 14, 2
7_16_08 8, 16, 4, 12, 9, 1, 5
6_4_22 12, 4, 8, 16, 9, 1
3_21_06 5, 13, 1
8_9_06 6, 14, 2, 10, 7, 15, 3, 11
8_17_02 2, 10, 14, 6, 3, 11, 15, 7
7_4_20 11, 3, 7, 15, 16, 8, 12
2_25_22 14, 6
6_29_12 10, 2, 6, 14, 7, 15
8_28_10 8, 16, 4, 12, 9, 1, 5, 13
6_14_20 14, 6, 10, 2, 7, 15
5_24_16 10, 2, 6, 14, 15
2_30_16 8, 16
1_26_22 10
5_15_12 10, 2, 6, 14, 15
3_1_00 1, 9, 13
2_7_20 12, 4
8_29_16 12, 4, 8, 16, 9, 1, 5, 13
6_26_20 13, 5, 9, 1, 10, 2
4_15_20 14, 6, 10, 2
2_25_02 4, 12
5_28_02 4, 12, 16, 8, 9
5_11_22 14, 6, 10, 2, 7
3_5_04 4, 12, 16
5_16_16 12, 4, 8, 16, 13
6_1_02 2, 10, 14, 6, 3, 11
8_19_12 7, 15, 3, 11, 8, 16, 4, 12
8_22_16 10, 2, 6, 14, 11, 3, 7, 15
1_18_18 6
3_29_10 9, 1, 5
5_11_20 13, 5, 9, 1, 6
2_22_02 15, 7
5_16_08 8, 16, 4, 12, 9
4_16_02 5, 13, 1, 9
5_22_06 5, 13, 1, 9, 2
8_25_02 4, 12, 16, 8, 5, 13, 1, 9
8_12_04 5, 13, 1, 9, 6, 14, 2, 10
8_3_10 6, 14, 2, 10, 7, 15, 3, 11
2_16_06 3, 11
2_27_18 12, 4
3_9_22 14, 6, 10
2_3_08 5, 13
7_31_08 8, 16, 4, 12, 13, 5, 9
8_27_04 5, 13, 1, 9, 6, 14, 2, 10
4_14_22 15, 7, 11, 3
2_26_08 3, 11
7_10_16 11, 3, 7, 15, 8, 16, 4
2_7_12 8, 16
1_10_10 4
2_31_08 8, 16
2_30_08 4, 12
6_23_20 12, 4, 8, 16, 13, 5
7_29_18 13, 5, 9, 1, 10, 2, 6
1_9_00 3
3_6_08 2, 10, 14
6_2_04 3, 11, 15, 7, 16, 8
1_7_18 3
4_24_08 6, 14, 2, 10
8_21_02 3, 11, 15, 7, 4, 12, 16, 8
8_3_06 4, 12, 16, 8, 5, 13, 1, 9
7_26_08 7, 15, 3, 11, 4, 12, 16
6_7_18 11, 3, 7, 15, 12, 4
6_25_10 8, 16, 4, 12, 9, 1
1_14_18 9
2_28_12 5, 13
2_3_00 1, 9
5_13_02 5, 13, 1, 9, 2
8_29_08 8, 16, 4, 12, 5, 13, 1, 9
4_28_00 3, 11, 15, 7
2_26_16 7, 15
7_7_06 5, 13, 1, 9, 14, 6, 10
7_27_04 5, 13, 1, 9, 14, 6, 10
4_15_00 4,12, 16, 8
5_4_06 4, 12, 16, 8, 9
5_24_18 11, 3, 7, 15, 16
8_10_22 14, 6, 10, 2, 15, 7, 11, 3
7_18_14 8, 16, 4, 12, 5, 13, 1
6_2_12 7, 15, 3, 11, 4, 12
5_1_06 4, 12, 16, 8, 5
7_6_08 6, 14, 2, 10, 3, 11, 15
2_10_02 16, 8
7_21_06 5, 13, 1, 9, 6, 14, 2
5_5_00 2, 10, 14, 6, 3
2_21_00 2, 10
8_5_00 2, 10, 14, 6, 3, 11, 15, 7
2_18_08 1, 9
6_10_16 11, 3, 7, 15, 8, 16
2_15_06 7, 15
5_1_02 2, 10, 14, 6, 3
4_27_06 6, 14, 2, 10
2_3_14 8, 16
8_30_18 13, 5, 9, 1, 10, 2, 6, 14
8_12_12 9, 1, 5, 13, 10, 2, 6, 14
5_4_08 5, 13, 1, 9, 10
7_7_20 12, 4, 8, 16, 5, 13, 1
3_31_20 14, 6, 2
6_9_20 13, 5, 9, 1, 14, 6
2_18_20 7, 15
2_22_20 8, 16
8_17_14 8, 16, 4, 12, 9, 1, 5, 13
4_18_18 10, 2, 6, 14
8_23_20 12, 4, 8, 16, 13, 5, 9, 1
8_28_14 10, 2, 6, 14, 11, 3, 7, 15
6_25_10 8, 16, 4, 12, 9, 1
2_23_22 13, 5
4_17_22 12, 4, 8, 16
3_4_10 2, 10, 6
2_12_06 2, 10
5_7_14 9, 1, 5, 13, 2
6_3_08 5, 13, 1, 9, 6, 14
5_28_22 14, 6, 10, 2, 3
8_1_04 3, 11, 15, 7, 4, 12, 16, 8
3_19_16 9, 1, 13
1_31_22 7
5_30_16 12, 4, 8, 16, 5
5_30_16 12, 4, 8, 16, 5
7_9_20 13, 5, 9, 1, 14, 6, 10
3_26_06 2, 10, 14
8_20_08 5, 13, 1, 9, 6, 14, 2, 10
8_31_02 5, 13, 1, 9, 2, 10, 14, 6
4_1_04 3, 11, 15, 7
4_19_10 6, 14, 2, 10
2_12_04 1, 9
2_27_14 10, 2
1_1_22 12
7_25_06 6, 14, 2, 10, 7, 15, 3
2_31_06 7, 15
3_9_04 5, 13, 1
4_6_10 7, 15, 3, 11
5_23_08 6, 14, 2, 10, 15
4_21_18 11, 3, 7, 15
7_31_14 11, 3, 7, 15, 16, 8, 12
7_5_22 13, 5, 9, 1, 14, 6, 10
7_10_04 5, 13, 1, 9, 2, 10, 14
7_6_16 10, 2, 6, 14, 7, 15, 3
2_16_22 11, 3
3_11_22 14, 6, 2
7_20_14 8, 16, 4, 12, 13, 5, 9
7_26_10 8, 16, 4, 12, 5, 13, 1
6_21_02 3, 11, 15, 7, 4, 12
7_27_20 13, 5, 9, 1, 6, 14, 2
3_5_00 2, 10, 14
8_11_12 9, 1, 5, 13, 10, 2, 6, 14
8_29_22 15, 7, 11, 3, 12, 4, 8, 16
6_20_16 9, 1, 5, 13, 6, 14
8_13_16 12, 4, 8, 16, 9, 1, 5, 13
3_24_14 5, 13, 9
3_7_00 2, 10, 6
5_24_08 6, 14, 2, 10, 11
1_2_12 3
5_15_12 10, 2, 6, 14, 15
4_21_00 2, 10, 14, 6
5_5_02 3, 11, 15, 7, 4
7_23_08 6, 14, 2, 10, 15, 7, 11
2_1_08 5, 13
7_1_04 3, 11, 15, 7, 4, 12, 16
2_15_04 6, 14
2_9_00 3, 11
3_25_08 7, 15, 3
3_21_10 7, 15, 3
4_28_20 13, 5, 9, 1
4_21_20 12, 4, 8, 16
5_12_12 9, 1, 5, 13, 14
4_6_04 4, 12, 16, 8
6_1_04 3, 11, 15, 7, 4, 12
4_14_08 8, 16, 4, 12
2_25_04 5, 13
3_10_18 8, 16, 4
8_31_02 5, 13, 1, 9, 2, 10, 14, 6
5_13_14 11, 3, 7, 15, 8
6_10_08 7, 15, 3, 11, 4, 12
1_16_04 10
1_15_16 4
2_10_12 5, 13
1_8_00 6
4_7_18 11, 3, 7, 15
2_22_06 1, 9
1_22_18 7
4_15_20 14, 6, 10, 2
3_23_06 5, 13, 9
5_22_02 3, 11, 15, 7, 16
5_9_06 6, 14, 2, 10, 7
4_20_18 10, 2, 6, 14
5_5_00 2, 10, 14, 6, 3
8_26_22 14, 6, 10, 2, 15, 7, 11, 3
7_27_06 6, 14, 2, 10, 15, 7, 11
6_17_00 1, 9, 13, 5, 2, 10
2_13_20 14, 6
1_15_00 12
3_19_12 7, 15, 11
6_30_22 15, 7, 11, 3, 8, 16
2_20_10 2, 10
5_11_10 8, 16, 4, 12, 1
5_1_02 2, 10, 14, 6, 3
8_29_16 12, 4, 8, 16, 9, 1, 5, 13
8_9_12 9, 1, 5, 13, 10, 2, 6, 14
8_14_04 6, 14, 2, 10, 3, 11, 15, 7
4_30_08 8, 16, 4, 12
7_5_14 9, 1, 5, 13, 10, 2, 6
5_29_14 11, 3, 7, 15, 8
8_9_08 7, 15, 3, 11, 8, 16, 4, 12
3_22_06 1, 9, 13
5_9_02 4, 12, 16, 8, 5
4_28_02 4, 12, 16, 8
2_14_12 6, 14
4_8_18 11, 3, 7, 15
8_9_10 8, 16, 4, 12, 9, 1, 5, 13
5_17_02 2, 10, 14, 6, 3
5_22_02 3, 11, 15, 7, 16
6_6_08 6, 14, 2, 10, 3, 11
4_5_10 7, 15, 3, 11
7_28_12 9, 1, 5, 13, 14, 6, 10
1_23_04 12
8_8_12 8, 16, 4, 12, 9, 1, 5, 13
2_27_06 6, 14
5_22_16 10, 2, 6, 14, 7
1_3_14 16
6_24_12 8, 16, 4, 12, 5, 13
1_29_18 13
8_7_16 10, 2, 6, 14, 11, 3, 7, 15
2_8_12 4, 12
1_8_12 12
8_28_18 12, 4, 8, 16, 13, 5, 9, 1
2_21_06 5, 13
4_19_04 3, 11, 15, 7
2_17_12 7, 15
7_6_08 6, 14, 2, 10, 3, 11, 15
2_26_18 8, 16
3_11_02 4, 12, 8
4_26_04 5, 13, 1, 9
1_15_00 12
8_21_10 7, 15, 3, 11, 8, 16, 4, 12
4_10_18 12, 4, 8, 16
5_10_02 4, 12, 16, 8, 1
6_21_08 6, 14, 2, 10, 7, 15
6_6_06 5, 13, 1, 9, 2, 10
8_27_02 4, 12, 16, 8, 5, 13, 1, 9
4_23_06 5, 13, 1, 9
2_26_12 5, 13
5_15_00 4, 12, 16, 8, 9
2_1_12 7, 15
2_29_02 5, 13
6_9_08 7, 15, 3, 11, 8, 16
6_14_18 13, 5, 9, 1, 6, 14
1_3_06 12
1_28_04 9
6_12_18 12, 4, 8, 16, 9, 1
6_10_18 12, 4, 8, 16, 9, 1
3_12_04 1, 9, 5
3_8_00 14, 6, 2
3_17_22 12, 4, 8
7_28_22 14, 6, 10, 2, 3, 11, 15
2_16_18 9, 1
4_7_02 3, 11, 15, 7
3_30_04 2, 10, 14
3_16_02 1, 9, 5
4_21_12 8, 16, 4, 12
8_14_16 12, 4, 8, 16, 9, 1, 5, 13
7_27_20 13, 5, 9, 1, 6, 14, 2
8_23_12 8, 16, 4, 12, 9, 1, 5, 13
3_29_14 11, 3, 7
5_20_16 9, 1, 5, 13, 14
3_25_18 12, 4, 8
8_12_16 11, 3, 7, 15, 12, 4, 8, 16
2_12_20 9, 1
8_5_02 3, 11, 15, 7, 4, 12, 16, 8
7_7_16 10, 2, 6, 14, 3, 11, 15
2_24_14 5, 13
2_25_02 4, 12
8_28_06 6, 14, 2, 10, 7, 15, 3, 11
8_25_18 12, 4, 8, 16, 13, 5, 9, 1
4_12_14 10, 2, 6, 14
3_7_14 9, 1, 13
2_24_14 5, 13
2_20_16 5, 13
6_9_14 10, 2, 6, 14, 11, 3
7_30_04 6, 14, 2, 10, 15, 7, 11
5_25_06 6, 14, 2, 10, 7
4_3_12 7, 15, 3, 11
3_13_04 6, 14, 2
1_23_08 14
6_24_06 5, 13, 1, 9, 2, 10
2_20_08 1, 9
6_17_16 9, 1, 5, 13, 10, 2
6_3_20 11, 3, 7, 15, 12, 4
2_10_00 15, 7
2_9_10 8, 16
7_22_02 3, 11, 15, 7, 16, 8, 12
5_16_14 11, 3, 7, 15, 12
8_27_22 14, 6, 10, 2, 15, 7, 11, 3
1_27_06 14
4_1_14 8, 16, 4, 12
4_18_20 11, 3, 7, 15
7_12_06 6, 14, 2, 10, 11, 3, 7
2_15_06 7, 15
5_2_02 2, 10, 14, 6, 15
5_14_18 13, 5, 9, 1, 6
4_25_14 10, 2, 6, 14
4_23_20 12, 4, 8, 16
6_28_14 10, 2, 6, 14, 7, 15
1_3_12 15
1_18_20 7
4_16_00 4,12, 16, 8
2_20_06 16, 8
7_13_20 14, 6, 10, 2, 11, 3, 7
5_11_06 6, 14, 2, 10, 15
2_23_20 12, 4
7_12_00 3, 11, 15, 7, 8, 16, 4
6_23_10 7, 15, 3, 11, 8, 16
2_29_12 10, 2
1_21_18 11
1_5_06 5
1_26_18 8
7_12_16 11, 3, 7, 15, 16, 8, 12
7_4_08 5, 13, 1, 9, 10, 2, 6
7_1_00 1, 9, 13, 5, 2, 10, 14
5_18_18 10, 2, 6, 14, 7
6_17_14 8, 16, 4, 12, 9, 1
7_6_22 13, 5, 9, 1, 10, 2, 6
1_16_08 12
2_15_12 10, 2
7_8_08 6, 14, 2, 10, 11, 3, 7
7_5_16 10, 2, 6, 14, 11, 3, 7
1_13_18 13
1_1_08 5
2_15_08 8, 16
5_9_14 10, 2, 6, 14, 11
5_21_16 10, 2, 6, 14, 11
6_1_00 1, 9, 13, 5, 2, 10
3_31_04 6, 14, 10
1_11_16 3
2_6_16 6, 14
5_8_06 5, 13, 1, 9, 10
5_27_22 14, 6, 10, 2, 7
6_13_06 7, 15, 3, 11, 4, 12
7_2_00 1, 9, 13, 5, 14, 6, 10
2_15_14 11, 3
3_2_06 16, 8, 12
3_16_20 10, 2, 14
1_21_14 9
5_14_02 5, 13, 1, 9, 14
3_15_20 14, 6, 2
8_31_14 11, 3, 7, 15, 8, 16, 4, 12
3_2_10 2, 10, 14
1_17_12 7
4_11_06 6, 14, 2, 10
4_26_14 10, 2, 6, 14
8_12_16 11, 3, 7, 15, 12, 4, 8, 16
3_30_20 10, 2, 6
3_27_18 12, 4, 16
7_13_22 15, 7, 11, 3, 12, 4, 8
1_28_06 10
5_7_18 11, 3, 7, 15, 4
7_18_06 4, 12, 16, 8, 1, 9, 13
8_20_16 9, 1, 5, 13, 10, 2, 6, 14
6_23_06 5, 13, 1, 9, 6, 14
2_18_00 13, 5
3_3_00 1, 9, 5
7_22_10 7, 15, 3, 11, 4, 12, 16
7_25_00 3, 11, 15, 7, 4, 12, 16
8_17_02 2, 10, 14, 6, 3, 11, 15, 7
3_14_10 5, 13, 1
7_3_16 9, 1, 5, 13, 2, 10, 14
2_6_04 16, 8
4_27_16 11, 3, 7, 15
1_22_00 14
6_12_08 7, 15, 3, 11, 4, 12
6_18_02 2, 10, 14, 6, 15, 7
5_20_04 3, 11, 15, 7, 8
7_15_04 6, 14, 2, 10, 11, 3, 7
7_4_02 2, 10, 14, 6, 7, 15, 3
1_14_14 7
1_8_18 15
5_5_22 13, 5, 9, 1, 14
3_12_08 3, 11, 7
4_4_04 3, 11, 15, 7
3_31_12 10, 2, 14
7_9_08 7, 15, 3, 11, 8, 16, 4
1_24_16 14
8_1_16 9, 1, 5, 13, 10, 2, 6, 14
1_18_02 14
3_17_02 2, 10, 14
2_17_06 4, 12
5_19_06 4, 12, 16, 8, 13
2_7_20 12, 4
8_22_20 12, 4, 8, 16, 13, 5, 9, 1
4_22_14 9, 1, 5, 13
4_11_06 6, 14, 2, 10
1_17_04 3
4_5_12 8, 16, 4, 12
2_5_12 8, 16
2_14_18 9, 1
8_14_14 11, 3, 7, 15, 8, 16, 4, 12
6_10_00 3, 11, 15, 7, 16, 8
1_12_10 12
1_4_16 13
5_6_02 3, 11, 15, 7, 16
7_15_04 6, 14, 2, 10, 11, 3, 7
4_16_02 5, 13, 1, 9
3_9_00 3, 11, 15
7_11_04 5, 13, 1, 9, 14, 6, 10
8_23_14 9, 1, 5, 13, 10, 2, 6, 14
2_11_10 8, 16
7_5_04 4, 12, 16, 8, 5, 13, 1
8_29_10 9, 1, 5, 13, 6, 14, 2, 10
8_15_00 4, 12, 16, 8, 1, 9, 13, 5
8_9_22 14, 6, 10, 2, 15, 7, 11, 3
6_21_14 9, 1, 5, 13, 10, 2
2_19_14 8, 16
5_16_16 12, 4, 8, 16, 13
5_15_20 14, 6, 10, 2, 3
2_6_20 8, 16
5_15_08 8, 16, 4, 12, 13
1_8_00 6
3_13_18 13, 5, 9
2_20_20 7, 15
8_26_18 12, 4, 8, 16, 13, 5, 9, 1
2_28_18 8, 16
7_7_16 10, 2, 6, 14, 3, 11, 15
4_3_12 7, 15, 3, 11
4_18_16 9, 1, 5, 13
7_9_16 11, 3, 7, 15, 12, 4, 8
2_28_06 2, 10
6_8_00 2, 10, 14, 6, 15, 7
6_26_00 3, 11, 15, 7, 16, 8
1_24_22 1
2_11_14 10, 2
1_5_06 5
4_26_00 3, 11, 15, 7
4_1_20 11, 3, 7, 15
8_8_22 13, 5, 9, 1, 14, 6, 10, 2
8_12_18 12, 4, 8, 16, 13, 5, 9, 1
4_9_10 8, 16, 4, 12
1_10_20 9
3_8_16 6, 14, 10
8_23_16 10, 2, 6, 14, 11, 3, 7, 15
1_1_04 3
2_1_18 10, 2
6_24_20 12, 4, 8, 16, 9, 1
4_18_20 11, 3, 7, 15
7_25_00 3, 11, 15, 7, 4, 12, 16
3_26_04 1, 9, 13
2_21_00 2, 10
6_26_16 11, 3, 7, 15, 8, 16
7_11_08 7, 15, 3, 11, 16, 8, 12
6_24_10 7, 15, 3, 11, 4, 12
6_18_12 7, 15, 3, 11, 4, 12
8_12_10 8, 16, 4, 12, 9, 1, 5, 13
2_7_20 12, 4
3_30_06 3, 11, 15
4_8_04 4, 12, 16, 8
7_22_06 5, 13, 1, 9, 2, 10, 14
4_25_18 12, 4, 8, 16
2_13_20 14, 6
3_9_22 14, 6, 10
7_30_00 4, 12, 16, 8, 13, 5, 9
6_28_02 4, 12, 16, 8, 1, 9
7_21_04 4, 12, 16, 8, 5, 13, 1
8_7_18 11, 3, 7, 15, 12, 4, 8, 16
3_10_20 9, 1, 5
6_13_18 13, 5, 9, 1, 10, 2
2_22_18 7, 15
4_24_16 10, 2, 6, 14
7_21_10 7, 15, 3, 11, 8, 16, 4
5_25_00 3, 11, 15, 7, 4
2_12_18 8, 16
3_18_12 3, 11, 15
1_14_00 16
6_19_02 2, 10, 14, 6, 3, 11
3_23_12 8, 16, 12
1_4_16 13
6_24_08 6, 14, 2, 10, 3, 11
1_25_18 12
3_24_06 1, 9, 5
6_20_04 3, 11, 15, 7, 16, 8
5_5_12 8, 16, 4, 12, 9
3_12_08 3, 11, 7
4_24_16 10, 2, 6, 14
7_17_18 10, 2, 6, 14, 11, 3, 7
3_17_18 10, 2, 6
6_21_14 9, 1, 5, 13, 10, 2
3_23_08 6, 14, 10
8_20_06 4, 12, 16, 8, 5, 13, 1, 9
6_24_00 2, 10, 14, 6, 15, 7
2_5_14 9, 1
6_20_00 1, 9, 13, 5, 14, 6
4_4_20 11, 3, 7, 15
2_7_14 9, 1
1_28_22 2
7_17_18 10, 2, 6, 14, 11, 3, 7
1_4_00 5
8_29_04 6, 14, 2, 10, 3, 11, 15, 7
4_28_18 12, 4, 8, 16
2_18_22 8, 16
4_4_10 6, 14, 2, 10
2_19_10 6, 14
1_4_22 16
1_10_06 2
5_6_00 2, 10, 14, 6, 15
8_10_10 8, 16, 4, 12, 9, 1, 5, 13
8_10_06 6, 14, 2, 10, 7, 15, 3, 11
8_8_22 13, 5, 9, 1, 14, 6, 10, 2
6_26_02 4, 12, 16, 8, 1, 9
8_12_02 4, 12, 16, 8, 5, 13, 1, 9
7_16_14 11, 3, 7, 15, 12, 4, 8
2_23_04 4, 12
1_5_14 9
2_10_18 8, 16
8_14_16 12, 4, 8, 16, 9, 1, 5, 13
6_14_02 5, 13, 1, 9, 14, 6
5_16_06 7, 15, 3, 11, 8
2_4_16 5, 13
6_24_08 6, 14, 2, 10, 3, 11
5_8_04 4, 12, 16, 8, 9
7_17_08 5, 13, 1, 9, 6, 14, 2
8_13_16 12, 4, 8, 16, 9, 1, 5, 13
1_4_22 16
8_31_00 4, 12, 16, 8, 1, 9, 13, 5
5_23_10 7, 15, 3, 11, 16
1_19_08 13
3_12_20 9, 1, 13
4_9_12 9, 1, 5, 13
7_3_10 6, 14, 2, 10, 15, 7, 11
3_21_12 8, 16, 4
3_26_10 4, 12, 16
8_15_06 7, 15, 3, 11, 4, 12, 16, 8
3_1_08 5, 13, 1
1_28_14 14
5_31_06 7, 15, 3, 11, 12
6_29_14 11, 3, 7, 15, 8, 16
4_19_18 10, 2, 6, 14
4_4_02 2, 10, 14, 6
2_19_04 3, 11
3_27_06 6, 14, 10
7_18_16 9, 1, 5, 13, 6, 14, 2
1_6_18 7
8_5_12 8, 16, 4, 12, 9, 1, 5, 13
2_26_16 7, 15
2_10_08 3, 11
6_3_12 7, 15, 3, 11, 8, 16
1_20_22 16
5_26_04 5, 13, 1, 9, 2
7_21_02 3, 11, 15, 7, 4, 12, 16
1_21_20 12
2_2_18 6, 14
7_23_14 9, 1, 5, 13, 2, 10, 14
4_21_22 13, 5, 9, 1
5_19_16 9, 1, 5, 13, 2
6_30_10 9, 1, 5, 13, 2, 10
1_30_02 1
8_3_06 4, 12, 16, 8, 5, 13, 1, 9
2_14_04 2, 10
3_7_02 3, 11, 7
1_25_20 13
2_19_10 6, 14
5_1_16 9, 1, 5, 13, 10
5_28_00 3, 11, 15, 7, 8
7_20_02 2, 10, 14, 6, 7, 15, 3
5_24_10 7, 15, 3, 11, 12
2_29_04 6, 14
6_9_18 12, 4, 8, 16, 13, 5
4_9_16 11, 3, 7, 15
4_30_06 7, 15, 3, 11
7_5_02 3, 11, 15, 7, 4, 12, 16
4_21_04 4, 12, 16, 8
1_3_02 10
4_6_12 8, 16, 4, 12
5_23_02 3, 11, 15, 7, 12
6_29_12 10, 2, 6, 14, 7, 15
4_22_02 3, 11, 15, 7
7_10_22 14, 6, 10, 2, 11, 3, 7
7_17_16 9, 1, 5, 13, 10, 2, 6
4_10_12 9, 1, 5, 13
2_31_08 8, 16
2_10_10 4, 12
6_17_14 8, 16, 4, 12, 9, 1
3_21_22 13, 5, 9
7_19_06 4, 12, 16, 8, 13, 5, 9
6_6_18 11, 3, 7, 15, 8, 16
5_27_18 12, 4, 8, 16, 5
4_5_22 13, 5, 9, 1
7_2_00 1, 9, 13, 5, 14, 6, 10
5_13_14 11, 3, 7, 15, 8
2_14_02 1, 9
6_22_02 3, 11, 15, 7, 16, 8
4_17_12 7, 15, 3, 11
8_5_22 13, 5, 9, 1, 14, 6, 10, 2
3_22_22 9, 1, 5
8_22_18 11, 3, 7, 15, 12, 4, 8, 16
5_22_20 12, 4, 8, 16, 9
6_2_22 12, 4, 8, 16, 9, 1
3_3_18 10, 2, 14
6_28_12 9, 1, 5, 13, 6, 14
8_13_02 5, 13, 1, 9, 2, 10, 14, 6
1_25_16 11
7_25_12 9, 1, 5, 13, 10, 2, 6
8_20_08 5, 13, 1, 9, 6, 14, 2, 10
4_3_10 6, 14, 2, 10
7_12_14 10, 2, 6, 14, 15, 7, 11
7_6_16 10, 2, 6, 14, 7, 15, 3
3_4_10 2, 10, 6
5_18_06 4, 12, 16, 8, 1
6_29_10 9, 1, 5, 13, 6, 14
1_17_12 7
5_13_02 5, 13, 1, 9, 2
2_22_04 16, 8
6_24_10 7, 15, 3, 11, 4, 12
2_22_20 8, 16
7_4_18 10, 2, 6, 14, 15, 7, 11
5_31_20 14, 6, 10, 2, 3
8_22_00 2, 10, 14, 6, 3, 11, 15, 7
2_11_18 12, 4
7_11_14 10, 2, 6, 14, 3, 11, 15
6_9_20 13, 5, 9, 1, 14, 6
5_11_10 8, 16, 4, 12, 1
5_9_16 11, 3, 7, 15, 12
3_11_20 13, 5, 1
1_23_06 13
3_31_12 10, 2, 14
3_25_10 8, 16, 4
8_28_14 10, 2, 6, 14, 11, 3, 7, 15
7_22_20 12, 4, 8, 16, 9, 1, 5
7_29_04 6, 14, 2, 10, 3, 11, 15
1_18_06 16
7_21_14 9, 1, 5, 13, 10, 2, 6
8_17_00 1, 9, 13, 5, 2, 10, 14, 6
6_27_00 3, 11, 15, 7, 4, 12
5_25_18 12, 4, 8, 16, 13
4_5_22 13, 5, 9, 1
7_21_00 2, 10, 14, 6, 3, 11, 15
6_20_22 12, 4, 8, 16, 9, 1
7_20_10 6, 14, 2, 10, 11, 3, 7
1_24_20 16
3_16_04 2, 10, 6
8_3_16 9, 1, 5, 13, 10, 2, 6, 14
2_4_10 2, 10
2_8_12 4, 12
4_12_14 10, 2, 6, 14
5_6_02 3, 11, 15, 7, 16
6_15_22 15, 7, 11, 3, 12, 4
2_24_06 1, 9
5_1_16 9, 1, 5, 13, 10
6_27_08 7, 15, 3, 11, 8, 16
2_12_04 1, 9
7_14_18 13, 5, 9, 1, 6, 14, 2
8_1_10 6, 14, 2, 10, 7, 15, 3, 11
7_28_02 4, 12, 16, 8, 9, 1, 5
5_31_12 10, 2, 6, 14, 15
6_20_02 2, 10, 14, 6, 15, 7
8_20_06 4, 12, 16, 8, 5, 13, 1, 9
5_26_10 8, 16, 4, 12, 5
2_28_12 5, 13
7_29_20 14, 6, 10, 2, 11, 3, 7
5_2_14 8, 16, 4, 12, 5
7_19_04 3, 11, 15, 7, 12, 4, 8
3_6_04 16, 8, 12
1_7_00 10
1_8_12 12
3_18_00 13, 5, 9
6_20_04 3, 11, 15, 7, 16, 8
8_2_20 11, 3, 7, 15, 12, 4, 8, 16
6_14_02 5, 13, 1, 9, 14, 6
2_2_16 5, 13
5_4_02 2, 10, 14, 6, 7
2_11_00 3, 11
2_18_00 13, 5
8_24_18 11, 3, 7, 15, 12, 4, 8, 16
2_9_14 10, 2
8_31_18 13, 5, 9, 1, 10, 2, 6, 14
3_3_12 7, 15, 11
1_27_20 5
3_27_00 3, 11, 7
7_1_08 5, 13, 1, 9, 6, 14, 2
1_7_14 1
1_9_02 4
3_27_10 8, 16, 12
6_28_02 4, 12, 16, 8, 1, 9
7_2_18 10, 2, 6, 14, 7, 15, 3
4_23_04 4, 12, 16, 8
3_2_16 5, 13, 1
4_5_14 9, 1, 5, 13
2_29_02 5, 13
1_7_14 1
5_9_00 3, 11, 15, 7, 4
4_14_10 9, 1, 5, 13
4_7_18 11, 3, 7, 15
6_7_04 4, 12, 16, 8, 5, 13
3_15_10 9, 1, 13
2_6_22 9, 1
7_18_14 8, 16, 4, 12, 5, 13, 1
4_29_12 10, 2, 6, 14
3_15_14 11, 3, 15
2_13_00 4,12
3_1_04 3, 11, 15
7_2_22 12, 4, 8, 16, 9, 1, 5
5_9_10 8, 16, 4, 12, 9
8_26_18 12, 4, 8, 16, 13, 5, 9, 1
8_29_14 11, 3, 7, 15, 8, 16, 4, 12
2_17_20 11, 3
5_26_18 12, 4, 8, 16, 9
5_11_16 11, 3, 7, 15, 4
6_15_06 7, 15, 3, 11, 4, 12
4_30_18 13, 5, 9, 1
3_27_12 9, 1, 13
5_2_08 5, 13, 1, 9, 2
8_11_18 12, 4, 8, 16, 13, 5, 9, 1
6_6_14 9, 1, 5, 13, 6, 14
6_16_06 7, 15, 3, 11, 16, 8
7_3_22 12, 4, 8, 16, 5, 13, 1
2_12_22 10, 2
2_11_06 6, 14
1_24_04 8
3_16_12 6, 14, 10
8_5_06 5, 13, 1, 9, 6, 14, 2, 10
4_31_10 9, 1, 5, 13
8_18_20 11, 3, 7, 15, 12, 4, 8, 16
8_24_16 10, 2, 6, 14, 11, 3, 7, 15
2_17_00 1, 9
8_18_02 2, 10, 14, 6, 3, 11, 15, 7
8_22_14 9, 1, 5, 13, 10, 2, 6, 14
7_30_02 5, 13, 1, 9, 14, 6, 10
4_23_04 4, 12, 16, 8
4_26_06 6, 14, 2, 10
6_6_22 13, 5, 9, 1, 10, 2
5_3_16 9, 1, 5, 13, 2
8_2_12 7, 15, 3, 11, 8, 16, 4, 12
1_10_00 15
4_11_16 11, 3, 7, 15
5_27_14 10, 2, 6, 14, 3
2_6_06 1, 9
2_13_10 9, 1
4_31_02 5, 13, 1, 9
8_3_04 3, 11, 15, 7, 4, 12, 16, 8
7_14_20 14, 6, 10, 2, 7, 15, 3
1_20_18 14
7_28_20 13, 5, 9, 1, 2, 10, 14
7_9_06 6, 14, 2, 10, 7, 15, 3
5_8_14 9, 1, 5, 13, 14
7_7_04 4, 12, 16, 8, 13, 5, 9
7_16_04 6, 14, 2, 10, 7, 15, 3
8_25_10 8, 16, 4, 12, 9, 1, 5, 13
6_2_18 10, 2, 6, 14, 7, 15
4_22_00 2, 10, 14, 6
1_20_02 6
3_2_04 15, 7, 11
5_26_16 11, 3, 7, 15, 8
5_19_22 12, 4, 8, 16, 5
3_24_22 9, 1, 13
4_19_02 2, 10, 14, 6
8_7_14 9, 1, 5, 13, 10, 2, 6, 14
2_26_06 2, 10
6_6_22 13, 5, 9, 1, 10, 2
2_15_02 5, 13
5_1_06 4, 12, 16, 8, 5
5_28_04 5, 13, 1, 9, 10
6_1_20 11, 3, 7, 15, 12, 4
6_30_10 9, 1, 5, 13, 2, 10
3_11_18 12, 4, 16
6_3_12 7, 15, 3, 11, 8, 16
2_6_20 8, 16
6_10_08 7, 15, 3, 11, 4, 12
6_11_16 11, 3, 7, 15, 12, 4
5_12_08 7, 15, 3, 11, 12
7_26_12 9, 1, 5, 13, 6, 14, 2
7_5_04 4, 12, 16, 8, 5, 13, 1
7_25_00 3, 11, 15, 7, 4, 12, 16
3_6_10 3, 11, 15
3_19_14 8, 16, 12
4_5_18 11, 3, 7, 15
5_24_10 7, 15, 3, 11, 12
5_16_08 8, 16, 4, 12, 9
3_13_20 14, 6, 10
4_10_22 14, 6, 10, 2
8_19_02 2, 10, 14, 6, 3, 11, 15, 7
7_28_12 9, 1, 5, 13, 14, 6, 10
2_10_08 3, 11
8_10_12 9, 1, 5, 13, 10, 2, 6, 14
8_28_04 5, 13, 1, 9, 6, 14, 2, 10
5_24_18 11, 3, 7, 15, 16
8_12_22 14, 6, 10, 2, 15, 7, 11, 3
2_2_16 5, 13
8_7_18 11, 3, 7, 15, 12, 4, 8, 16
4_14_20 14, 6, 10, 2
1_1_20 11
3_23_16 10, 2, 14
6_31_18 13, 5, 9, 1, 10, 2
8_16_06 7, 15, 3, 11, 4, 12, 16, 8
2_25_08 7, 15
3_16_18 9, 1, 13
6_14_10 9, 1, 5, 13, 2, 10
8_31_22 15, 7, 11, 3, 12, 4, 8, 16
8_10_16 11, 3, 7, 15, 12, 4, 8, 16
5_24_06 5, 13, 1, 9, 10
6_11_14 10, 2, 6, 14, 11, 3
6_20_22 12, 4, 8, 16, 9, 1
4_28_02 4, 12, 16, 8
2_9_00 3, 11
7_3_00 1, 9, 13, 5, 10, 2, 6
3_6_22 9, 1, 5
5_31_20 14, 6, 10, 2, 3
2_3_00 1, 9
5_20_16 9, 1, 5, 13, 14
4_30_02 5, 13, 1, 9
7_4_02 2, 10, 14, 6, 7, 15, 3
3_2_14 4, 12, 16
6_28_12 9, 1, 5, 13, 6, 14
1_1_06 4
1_29_02 5
6_6_08 6, 14, 2, 10, 3, 11
6_21_00 2, 10, 14, 6, 3, 11
4_16_20 14, 6, 10, 2
3_15_00 4,12, 8
5_10_16 11, 3, 7, 15, 8
5_31_12 10, 2, 6, 14, 15
1_31_12 2
4_21_08 6, 14, 2, 10
7_21_08 6, 14, 2, 10, 7, 15, 3
7_20_00 1, 9, 13, 5, 6, 14, 2
1_21_16 10
1_7_20 4
2_27_08 7, 15
7_15_16 12, 4, 8, 16, 1, 9, 13
3_25_04 5, 13, 1
5_16_04 6, 14, 2, 10, 7
3_10_16 7, 15, 3
4_16_02 5, 13, 1, 9
4_22_00 2, 10, 14, 6
7_16_02 5, 13, 1, 9, 6, 14, 2
2_12_22 10, 2
1_30_06 3
5_1_12 7, 15, 3, 11, 8
7_28_20 13, 5, 9, 1, 2, 10, 14
2_31_12 10, 2
5_7_02 3, 11, 15, 7, 12
8_16_18 13, 5, 9, 1, 10, 2, 6, 14
7_4_06 4, 12, 16, 8, 9, 1, 5
3_6_18 7, 15, 3
1_29_04 6
5_7_04 4, 12, 16, 8, 13
2_4_08 1, 9
7_3_22 12, 4, 8, 16, 5, 13, 1
7_15_20 14, 6, 10, 2, 3, 11, 15
4_8_20 12, 4, 8, 16
7_15_02 5, 13, 1, 9, 10, 2, 6
4_28_04 5, 13, 1, 9
2_13_12 10, 2
5_31_06 7, 15, 3, 11, 12
7_8_20 12, 4, 8, 16, 1, 9, 13
4_12_02 4, 12, 16, 8
6_24_06 5, 13, 1, 9, 2, 10
4_21_06 5, 13, 1, 9
6_7_20 12, 4, 8, 16, 13, 5
2_25_02 4, 12
2_12_20 9, 1
8_3_06 4, 12, 16, 8, 5, 13, 1, 9
2_10_00 15, 7
5_29_06 7, 15, 3, 11, 4
5_6_02 3, 11, 15, 7, 16
5_17_06 4, 12, 16, 8, 5
6_14_04 6, 14, 2, 10, 15, 7
5_8_00 2, 10, 14, 6, 7
7_21_18 11, 3, 7, 15, 12, 4, 8
6_2_12 7, 15, 3, 11, 4, 12
4_5_04 4, 12, 16, 8
8_26_20 13, 5, 9, 1, 14, 6, 10, 2
6_30_16 12, 4, 8, 16, 5, 13
7_25_18 12, 4, 8, 16, 13, 5, 9
6_2_18 10, 2, 6, 14, 7, 15
4_13_14 11, 3, 7, 15
2_26_18 8, 16
4_31_14 11, 3, 7, 15
4_12_14 10, 2, 6, 14
4_13_20 14, 6, 10, 2
4_9_04 5, 13, 1, 9
6_8_16 10, 2, 6, 14, 7, 15
8_13_10 9, 1, 5, 13, 6, 14, 2, 10
2_12_00 15, 7
6_1_02 2, 10, 14, 6, 3, 11
2_1_14 8, 16
8_20_16 9, 1, 5, 13, 10, 2, 6, 14
7_20_20 11, 3, 7, 15, 16, 8, 12
6_7_14 9, 1, 5, 13, 10, 2
6_21_02 3, 11, 15, 7, 4, 12
4_2_02 2, 10, 14, 6
6_8_00 2, 10, 14, 6, 15, 7
3_11_16 11, 3, 15
2_6_08 2, 10
5_30_04 6, 14, 2, 10, 15
7_16_00 4, 12, 16, 8, 5, 13, 1
1_7_12 16
