subset:3.txt
1_19_14 16
3_7_22 13, 5, 1
1_22_12 4
6_2_08 5, 13, 1, 9, 2, 10
3_15_18 13, 5, 1
1_21_14 9
8_16_08 8, 16, 4, 12, 5, 13, 1, 9
5_6_02 3, 11, 15, 7, 16
5_14_00 4, 12, 16, 8, 13
5_27_16 11, 3, 7, 15, 4
7_27_20 13, 5, 9, 1, 6, 14, 2
1_26_14 6
2_26_22 10, 2
3_14_14 7, 15, 3
5_11_04 5, 13, 1, 9, 14
2_24_12 4, 12
4_5_10 7, 15, 3, 11
1_30_14 7
7_19_22 12, 4, 8, 16, 5, 13, 1
8_15_18 13, 5, 9, 1, 10, 2, 6, 14
6_7_02 3, 11, 15, 7, 4, 12
2_4_04 15, 7
8_7_06 5, 13, 1, 9, 6, 14, 2, 10
7_7_14 9, 1, 5, 13, 2, 10, 14
3_13_00 4,12, 16
1_18_14 4
2_15_16 12, 4
1_15_16 4
1_15_16 4
3_24_06 1, 9, 5
3_2_14 4, 12, 16
6_12_02 4, 12, 16, 8, 1, 9
1_27_06 14
6_16_12 10, 2, 6, 14, 3, 11
6_25_16 11, 3, 7, 15, 12, 4
8_23_10 7, 15, 3, 11, 8, 16, 4, 12
7_25_00 3, 11, 15, 7, 4, 12, 16
6_18_16 9, 1, 5, 13, 6, 14
4_3_06 4, 12, 16, 8
4_4_12 7, 15, 3, 11
2_19_22 12, 4
4_31_22 15, 7, 11, 3
4_2_14 8, 16, 4, 12
4_22_22 13, 5, 9, 1
4_15_12 10, 2, 6, 14
1_24_10 11
6_15_14 11, 3, 7, 15, 8, 16
3_2_20 7, 15, 3
7_24_12 8, 16, 4, 12, 13, 5, 9
6_20_20 11, 3, 7, 15, 8, 16
6_19_06 4, 12, 16, 8, 5, 13
3_6_12 4, 12, 16
5_24_16 10, 2, 6, 14, 15
4_10_10 8, 16, 4, 12
4_15_06 7, 15, 3, 11
4_1_22 12, 4, 8, 16
5_14_04 6, 14, 2, 10, 15
2_23_02 3, 11
8_12_18 12, 4, 8, 16, 13, 5, 9, 1
5_26_22 14, 6, 10, 2, 11
5_16_16 12, 4, 8, 16, 13
6_21_22 13, 5, 9, 1, 14, 6
2_19_08 5, 13
1_10_06 2
4_23_02 3, 11, 15, 7
7_11_00 3, 11, 15, 7, 12, 4, 8
8_9_00 3, 11, 15, 7, 4, 12, 16, 8
2_6_06 1, 9
2_4_14 4, 12
4_4_08 5, 13, 1, 9
3_1_18 10, 2, 6
4_24_08 6, 14, 2, 10
4_26_00 3, 11, 15, 7
1_1_00 1
3_25_16 11, 3, 7
2_8_00 14, 6
5_11_02 4, 12, 16, 8, 13
3_17_20 11, 3, 7
3_1_04 3, 11, 15
7_1_12 7, 15, 3, 11, 8, 16, 4
1_15_22 7
1_15_06 15
1_15_18 5
2_18_00 13, 5
4_8_20 12, 4, 8, 16
6_13_02 5, 13, 1, 9, 2, 10
8_9_06 6, 14, 2, 10, 7, 15, 3, 11
6_13_22 15, 7, 11, 3, 12, 4
7_5_14 9, 1, 5, 13, 10, 2, 6
8_4_00 1, 9, 13, 5, 2, 10, 14, 6
7_14_20 14, 6, 10, 2, 7, 15, 3
3_10_20 9, 1, 5
4_18_04 3, 11, 15, 7
6_22_06 5, 13, 1, 9, 2, 10
5_1_18 10, 2, 6, 14, 11
4_27_00 3, 11, 15, 7
8_20_14 8, 16, 4, 12, 9, 1, 5, 13
3_14_06 3, 11, 15
2_16_02 1, 9
4_8_12 8, 16, 4, 12
2_12_20 9, 1
3_7_20 12, 4, 16
5_31_10 9, 1, 5, 13, 14
2_25_20 13, 5
5_24_16 10, 2, 6, 14, 15
6_6_14 9, 1, 5, 13, 6, 14
5_1_14 8, 16, 4, 12, 9
6_12_00 3, 11, 15, 7, 16, 8
1_5_10 7
3_27_08 7, 15, 11
2_9_04 5, 13
6_12_16 11, 3, 7, 15, 8, 16
8_24_20 12, 4, 8, 16, 13, 5, 9, 1
6_22_08 6, 14, 2, 10, 3, 11
2_1_06 4, 12
8_1_22 12, 4, 8, 16, 13, 5, 9, 1
1_26_16 7
3_12_22 10, 2, 14
4_22_06 5, 13, 1, 9
4_11_16 11, 3, 7, 15
8_23_16 10, 2, 6, 14, 11, 3, 7, 15
1_27_14 2
1_6_18 7
4_21_00 2, 10, 14, 6
8_11_14 10, 2, 6, 14, 11, 3, 7, 15
4_19_06 4, 12, 16, 8
1_4_10 10
3_6_12 4, 12, 16
3_11_12 9, 1, 13
5_6_02 3, 11, 15, 7, 16
5_3_10 6, 14, 2, 10, 15
5_30_10 9, 1, 5, 13, 2
5_1_18 10, 2, 6, 14, 11
3_26_00 15, 7, 11
2_3_16 9, 1
2_6_06 1, 9
2_21_02 3, 11
1_21_20 12
3_22_22 9, 1, 5
1_23_18 3
1_7_22 5
6_1_00 1, 9, 13, 5, 2, 10
8_28_08 7, 15, 3, 11, 8, 16, 4, 12
8_20_20 11, 3, 7, 15, 12, 4, 8, 16
6_18_22 12, 4, 8, 16, 9, 1
1_12_14 14
7_7_06 5, 13, 1, 9, 14, 6, 10
2_15_14 11, 3
8_18_08 5, 13, 1, 9, 6, 14, 2, 10
8_29_18 13, 5, 9, 1, 10, 2, 6, 14
2_7_00 2, 10
8_19_08 5, 13, 1, 9, 6, 14, 2, 10
4_7_14 9, 1, 5, 13
6_22_12 8, 16, 4, 12, 5, 13
1_14_02 1
2_1_14 8, 16
1_11_06 14
8_23_12 8, 16, 4, 12, 9, 1, 5, 13
5_19_18 10, 2, 6, 14, 3
7_10_20 13, 5, 9, 1, 10, 2, 6
6_4_00 1, 9, 13, 5, 14, 6
3_10_20 9, 1, 5
4_28_14 10, 2, 6, 14
3_4_04 15, 7, 3
4_7_18 11, 3, 7, 15
8_8_12 8, 16, 4, 12, 9, 1, 5, 13
1_7_16 2
1_26_04 1
3_31_04 6, 14, 10
4_27_10 8, 16, 4, 12
5_12_16 11, 3, 7, 15, 16
5_10_02 4, 12, 16, 8, 1
3_16_04 2, 10, 6
6_14_14 11, 3, 7, 15, 4, 12
3_16_22 11, 3, 15
7_8_08 6, 14, 2, 10, 11, 3, 7
1_30_10 5
4_17_10 6, 14, 2, 10
1_15_14 3
7_19_10 6, 14, 2, 10, 15, 7, 11
8_30_08 8, 16, 4, 12, 5, 13, 1, 9
5_2_08 5, 13, 1, 9, 2
6_10_08 7, 15, 3, 11, 4, 12
7_29_12 10, 2, 6, 14, 7, 15, 3
8_24_00 2, 10, 14, 6, 3, 11, 15, 7
2_25_08 7, 15
4_29_06 7, 15, 3, 11
2_5_06 5, 13
7_17_14 8, 16, 4, 12, 9, 1, 5
5_25_08 7, 15, 3, 11, 8
8_14_12 10, 2, 6, 14, 7, 15, 3, 11
7_8_16 10, 2, 6, 14, 15, 7, 11
1_17_06 4
6_21_20 12, 4, 8, 16, 13, 5
5_12_14 10, 2, 6, 14, 15
7_26_02 4, 12, 16, 8, 1, 9, 13
3_23_08 6, 14, 10
1_30_06 3
1_2_14 4
8_1_12 7, 15, 3, 11, 8, 16, 4, 12
1_31_22 7
8_6_08 6, 14, 2, 10, 7, 15, 3, 11
1_10_16 7
2_18_04 15, 7
3_14_06 3, 11, 15
7_13_00 4, 12, 16, 8, 1, 9, 13
5_18_08 5, 13, 1, 9, 2
7_31_22 15, 7, 11, 3, 4, 12, 16
8_2_02 2, 10, 14, 6, 3, 11, 15, 7
2_23_12 8, 16
2_26_16 7, 15
6_14_02 5, 13, 1, 9, 14, 6
3_18_18 6, 14, 2
7_14_08 8, 16, 4, 12, 1, 9, 13
7_8_04 4, 12, 16, 8, 9, 1, 5
1_5_22 13
1_15_00 12
6_17_12 7, 15, 3, 11, 8, 16
3_23_18 11, 3, 15
4_18_20 11, 3, 7, 15
8_21_00 2, 10, 14, 6, 3, 11, 15, 7
6_17_06 4, 12, 16, 8, 5, 13
7_24_14 9, 1, 5, 13, 14, 6, 10
5_23_22 13, 5, 9, 1, 6
3_31_14 11, 3, 15
3_12_18 8, 16, 12
3_1_04 3, 11, 15
3_21_06 5, 13, 1
6_31_08 8, 16, 4, 12, 5, 13
5_22_00 2, 10, 14, 6, 15
6_27_18 12, 4, 8, 16, 13, 5
2_10_16 7, 15
7_27_18 12, 4, 8, 16, 5, 13, 1
8_23_12 8, 16, 4, 12, 9, 1, 5, 13
5_21_04 4, 12, 16, 8, 5
3_21_20 12, 4, 8
5_4_06 4, 12, 16, 8, 9
4_11_22 14, 6, 10, 2
6_14_08 8, 16, 4, 12, 1, 9
3_5_20 12, 4, 8
5_2_18 10, 2, 6, 14, 7
3_29_12 10, 2, 6
1_27_20 5
6_28_18 12, 4, 8, 16, 9, 1
3_30_20 10, 2, 6
3_15_18 13, 5, 1
5_28_08 7, 15, 3, 11, 12
8_30_06 7, 15, 3, 11, 4, 12, 16, 8
2_12_10 4, 12
8_30_20 14, 6, 10, 2, 11, 3, 7, 15
3_20_12 3, 11, 7
4_3_00 1, 9, 13, 5
7_20_02 2, 10, 14, 6, 7, 15, 3
8_13_08 8, 16, 4, 12, 5, 13, 1, 9
3_23_14 9, 1, 13
4_13_02 5, 13, 1, 9
1_5_00 2
8_12_22 14, 6, 10, 2, 15, 7, 11, 3
7_11_20 13, 5, 9, 1, 6, 14, 2
7_10_10 8, 16, 4, 12, 5, 13, 1
4_8_06 5, 13, 1, 9
2_9_16 11, 3
1_8_04 8
3_29_00 4,12, 16
5_28_12 9, 1, 5, 13, 14
8_16_10 9, 1, 5, 13, 6, 14, 2, 10
5_5_02 3, 11, 15, 7, 4
1_13_22 15
7_5_18 11, 3, 7, 15, 12, 4, 8
6_11_20 13, 5, 9, 1, 14, 6
4_17_08 5, 13, 1, 9
3_17_08 5, 13, 1
4_31_10 9, 1, 5, 13
6_20_14 8, 16, 4, 12, 5, 13
3_11_06 6, 14, 10
3_9_00 3, 11, 15
8_2_12 7, 15, 3, 11, 8, 16, 4, 12
7_6_04 4, 12, 16, 8, 1, 9, 13
8_19_10 6, 14, 2, 10, 7, 15, 3, 11
2_7_02 3, 11
3_13_10 9, 1, 5
4_9_04 5, 13, 1, 9
8_7_00 2, 10, 14, 6, 3, 11, 15, 7
2_13_06 7, 15
1_9_14 10
3_21_02 3, 11, 15
6_17_02 2, 10, 14, 6, 3, 11
6_16_08 8, 16, 4, 12, 1, 9
1_5_18 11
5_24_06 5, 13, 1, 9, 10
2_20_20 7, 15
7_8_00 2, 10, 14, 6, 7, 15, 3
1_5_02 3
3_20_04 15, 7, 3
5_31_06 7, 15, 3, 11, 12
6_16_02 5, 13, 1, 9, 14, 6
1_24_00 6
8_23_16 10, 2, 6, 14, 11, 3, 7, 15
5_24_18 11, 3, 7, 15, 16
5_10_08 7, 15, 3, 11, 4
2_26_22 10, 2
4_26_10 8, 16, 4, 12
6_22_22 13, 5, 9, 1, 10, 2
7_13_02 5, 13, 1, 9, 2, 10, 14
3_8_06 1, 9, 5
4_3_02 2, 10, 14, 6
7_12_20 13, 5, 9, 1, 2, 10, 14
1_30_04 2
8_14_22 15, 7, 11, 3, 12, 4, 8, 16
2_2_10 2, 10
1_16_14 15
5_8_00 2, 10, 14, 6, 7
6_21_04 4, 12, 16, 8, 5, 13
2_18_06 16, 8
5_22_08 6, 14, 2, 10, 3
5_21_14 9, 1, 5, 13, 10
3_6_14 5, 13, 1
7_25_10 8, 16, 4, 12, 9, 1, 5
2_16_18 9, 1
2_14_10 5, 13
2_19_20 11, 3
8_6_04 4, 12, 16, 8, 5, 13, 1, 9
3_12_20 9, 1, 13
6_26_18 12, 4, 8, 16, 9, 1
6_9_08 7, 15, 3, 11, 8, 16
1_25_04 5
7_16_12 10, 2, 6, 14, 11, 3, 7
7_17_04 3, 11, 15, 7, 4, 12, 16
7_30_02 5, 13, 1, 9, 14, 6, 10
1_16_20 2
3_27_00 3, 11, 7
6_16_08 8, 16, 4, 12, 1, 9
7_22_02 3, 11, 15, 7, 16, 8, 12
6_4_22 12, 4, 8, 16, 9, 1
5_13_16 12, 4, 8, 16, 9
3_26_14 6, 14, 2
6_27_04 5, 13, 1, 9, 6, 14
8_11_00 3, 11, 15, 7, 4, 12, 16, 8
3_11_06 6, 14, 10
6_30_00 4, 12, 16, 8, 13, 5
4_27_04 5, 13, 1, 9
3_7_10 7, 15, 11
4_6_08 6, 14, 2, 10
3_10_18 8, 16, 4
8_26_04 5, 13, 1, 9, 6, 14, 2, 10
5_25_22 14, 6, 10, 2, 15
4_24_20 12, 4, 8, 16
3_2_12 3, 11, 15
7_26_22 14, 6, 10, 2, 11, 3, 7
4_10_08 7, 15, 3, 11
3_30_12 6, 14, 2
7_11_22 14, 6, 10, 2, 7, 15, 3
5_10_22 14, 6, 10, 2, 11
1_14_18 9
6_27_22 14, 6, 10, 2, 15, 7
5_12_00 3, 11, 15, 7, 8
5_17_20 11, 3, 7, 15, 12
8_25_16 11, 3, 7, 15, 12, 4, 8, 16
5_13_14 11, 3, 7, 15, 8
5_26_08 7, 15, 3, 11, 4
5_16_16 12, 4, 8, 16, 13
8_16_02 5, 13, 1, 9, 2, 10, 14, 6
5_19_22 12, 4, 8, 16, 5
4_2_10 6, 14, 2, 10
7_7_10 7, 15, 3, 11, 16, 8, 12
5_23_18 11, 3, 7, 15, 4
1_18_00 13
2_2_04 15, 7
1_3_20 3
2_7_22 13, 5
4_22_12 8, 16, 4, 12
2_9_12 9, 1
4_29_16 12, 4, 8, 16
1_21_02 3
7_12_14 10, 2, 6, 14, 15, 7, 11
6_13_02 5, 13, 1, 9, 2, 10
5_16_16 12, 4, 8, 16, 13
6_9_04 5, 13, 1, 9, 6, 14
7_13_16 12, 4, 8, 16, 9, 1, 5
1_11_06 14
8_28_12 9, 1, 5, 13, 10, 2, 6, 14
8_24_18 11, 3, 7, 15, 12, 4, 8, 16
7_18_20 11, 3, 7, 15, 8, 16, 4
5_21_02 3, 11, 15, 7, 4
3_13_14 11, 3, 7
3_15_22 15, 7, 3
1_24_14 13
6_21_18 11, 3, 7, 15, 12, 4
4_17_04 3, 11, 15, 7
1_21_18 11
8_7_16 10, 2, 6, 14, 11, 3, 7, 15
4_10_02 4, 12, 16, 8
6_13_16 12, 4, 8, 16, 9, 1
8_31_10 9, 1, 5, 13, 6, 14, 2, 10
6_29_00 4, 12, 16, 8, 1, 9
3_25_00 3, 11, 15
8_6_16 10, 2, 6, 14, 11, 3, 7, 15
6_20_20 11, 3, 7, 15, 8, 16
7_9_18 12, 4, 8, 16, 13, 5, 9
4_8_20 12, 4, 8, 16
2_28_02 16, 8
6_29_20 14, 6, 10, 2, 11, 3
7_22_10 7, 15, 3, 11, 4, 12, 16
3_18_10 2, 10, 14
3_22_18 7, 15, 3
8_14_04 6, 14, 2, 10, 3, 11, 15, 7
5_3_22 12, 4, 8, 16, 5
7_8_02 3, 11, 15, 7, 8, 16, 4
3_3_22 12, 4, 16
7_8_04 4, 12, 16, 8, 9, 1, 5
6_25_10 8, 16, 4, 12, 9, 1
2_5_08 6, 14
6_12_02 4, 12, 16, 8, 1, 9
8_18_12 7, 15, 3, 11, 8, 16, 4, 12
8_12_04 5, 13, 1, 9, 6, 14, 2, 10
5_1_22 12, 4, 8, 16, 13
8_7_22 13, 5, 9, 1, 14, 6, 10, 2
1_30_02 1
8_8_04 4, 12, 16, 8, 5, 13, 1, 9
1_12_06 10
6_7_16 10, 2, 6, 14, 11, 3
5_12_18 12, 4, 8, 16, 1
5_10_18 12, 4, 8, 16, 9
2_6_02 15, 7
2_31_14 11, 3
4_6_16 10, 2, 6, 14
8_31_18 13, 5, 9, 1, 10, 2, 6, 14
7_17_02 2, 10, 14, 6, 3, 11, 15
2_11_08 7, 15
8_6_20 12, 4, 8, 16, 13, 5, 9, 1
6_13_12 10, 2, 6, 14, 7, 15
8_26_02 4, 12, 16, 8, 5, 13, 1, 9
7_18_04 3, 11, 15, 7, 16, 8, 12
7_17_08 5, 13, 1, 9, 6, 14, 2
6_19_12 7, 15, 3, 11, 8, 16
1_26_12 5
2_10_10 4, 12
4_21_10 7, 15, 3, 11
3_6_06 1, 9, 13
3_17_10 6, 14, 2
5_23_06 5, 13, 1, 9, 14
2_11_02 4, 12
4_10_02 4, 12, 16, 8
6_29_08 8, 16, 4, 12, 5, 13
3_29_16 12, 4, 8
2_16_00 16, 8
3_10_06 2, 10, 14
5_23_06 5, 13, 1, 9, 14
8_6_00 2, 10, 14, 6, 3, 11, 15, 7
8_17_02 2, 10, 14, 6, 3, 11, 15, 7
8_21_18 11, 3, 7, 15, 12, 4, 8, 16
3_31_00 4,12, 8
3_18_22 8, 16, 4
7_30_16 12, 4, 8, 16, 5, 13, 1
5_20_12 7, 15, 3, 11, 12
5_14_18 13, 5, 9, 1, 6
8_5_18 11, 3, 7, 15, 12, 4, 8, 16
2_4_18 6, 14
2_20_16 5, 13
5_9_14 10, 2, 6, 14, 11
6_28_22 14, 6, 10, 2, 11, 3
2_6_22 9, 1
1_23_08 14
1_7_10 15
6_11_10 8, 16, 4, 12, 9, 1
4_12_22 14, 6, 10, 2
6_24_00 2, 10, 14, 6, 15, 7
5_2_00 1, 9, 13, 5, 14
4_24_20 12, 4, 8, 16
6_10_20 13, 5, 9, 1, 10, 2
3_16_14 7, 15, 11
6_11_20 13, 5, 9, 1, 14, 6
8_4_12 7, 15, 3, 11, 8, 16, 4, 12
7_9_12 9, 1, 5, 13, 10, 2, 6
5_29_08 8, 16, 4, 12, 5
2_16_08 4, 12
8_22_10 7, 15, 3, 11, 8, 16, 4, 12
4_4_08 5, 13, 1, 9
4_10_00 3, 11, 15, 7
7_17_06 4, 12, 16, 8, 5, 13, 1
6_23_02 3, 11, 15, 7, 4, 12
5_7_20 12, 4, 8, 16, 5
2_8_20 8, 16
5_28_14 10, 2, 6, 14, 15
1_28_22 2
3_17_14 8, 16, 4
6_31_00 4, 12, 16, 8, 1, 9
7_1_18 10, 2, 6, 14, 11, 3, 7
1_11_00 11
6_16_04 6, 14, 2, 10, 15, 7
6_4_20 11, 3, 7, 15, 8, 16
4_17_00 1, 9, 13, 5
2_23_04 4, 12
3_13_12 10, 2, 6
2_21_22 13, 5
2_13_20 14, 6
7_10_20 13, 5, 9, 1, 10, 2, 6
2_27_18 12, 4
8_10_12 9, 1, 5, 13, 10, 2, 6, 14
5_26_16 11, 3, 7, 15, 8
3_24_10 3, 11, 7
1_21_22 13
5_2_02 2, 10, 14, 6, 15
8_17_18 10, 2, 6, 14, 11, 3, 7, 15
8_29_10 9, 1, 5, 13, 6, 14, 2, 10
2_10_14 6, 14
4_29_18 13, 5, 9, 1
5_31_06 7, 15, 3, 11, 12
1_5_10 7
6_7_02 3, 11, 15, 7, 4, 12
4_15_00 4,12, 16, 8
4_18_22 12, 4, 8, 16
2_5_22 13, 5
2_9_10 8, 16
7_19_14 8, 16, 4, 12, 1, 9, 13
1_15_16 4
4_21_10 7, 15, 3, 11
1_9_16 11
8_20_02 2, 10, 14, 6, 3, 11, 15, 7
1_1_12 7
5_28_18 12, 4, 8, 16, 1
7_2_18 10, 2, 6, 14, 7, 15, 3
1_12_16 15
1_8_20 16
2_1_10 6, 14
1_4_18 14
6_27_20 13, 5, 9, 1, 14, 6
3_22_00 14, 6, 10
2_11_12 9, 1
8_3_16 9, 1, 5, 13, 10, 2, 6, 14
5_7_12 8, 16, 4, 12, 1
5_20_02 2, 10, 14, 6, 7
5_7_22 13, 5, 9, 1, 6
1_1_10 6
7_12_12 9, 1, 5, 13, 14, 6, 10
3_21_00 2, 10, 14
2_11_22 14, 6
7_16_14 11, 3, 7, 15, 12, 4, 8
7_15_02 5, 13, 1, 9, 10, 2, 6
3_15_06 7, 15, 11
1_8_12 12
1_1_12 7
4_12_18 12, 4, 8, 16
7_7_00 2, 10, 14, 6, 11, 3, 7
6_12_18 12, 4, 8, 16, 9, 1
5_31_12 10, 2, 6, 14, 15
6_25_18 12, 4, 8, 16, 13, 5
6_13_10 9, 1, 5, 13, 6, 14
4_24_10 7, 15, 3, 11
1_26_06 2
5_1_04 3, 11, 15, 7, 4
7_11_18 12, 4, 8, 16, 5, 13, 1
2_6_18 7, 15
1_6_12 4
2_25_22 14, 6
3_6_10 3, 11, 15
8_30_16 12, 4, 8, 16, 9, 1, 5, 13
2_19_08 5, 13
2_2_02 14, 6
1_15_12 2
3_22_08 2, 10, 14
1_20_00 5
5_28_10 8, 16, 4, 12, 13
2_31_02 5, 13
6_15_18 13, 5, 9, 1, 10, 2
7_30_18 13, 5, 9, 1, 6, 14, 2
5_26_12 9, 1, 5, 13, 6
7_31_02 5, 13, 1, 9, 10, 2, 6
4_30_20 14, 6, 10, 2
2_16_08 4, 12
1_11_20 5
3_3_02 2, 10, 6
1_13_00 4
3_16_00 16, 8, 4
7_13_02 5, 13, 1, 9, 2, 10, 14
1_21_04 4
8_15_04 6, 14, 2, 10, 3, 11, 15, 7
8_31_12 10, 2, 6, 14, 7, 15, 3, 11
7_26_18 12, 4, 8, 16, 9, 1, 5
1_8_12 12
7_15_00 4, 12, 16, 8, 9, 1, 5
2_1_22 12, 4
7_12_16 11, 3, 7, 15, 16, 8, 12
2_28_00 15, 7
8_29_00 4, 12, 16, 8, 1, 9, 13, 5
2_22_20 8, 16
5_31_14 11, 3, 7, 15, 16
8_2_06 4, 12, 16, 8, 5, 13, 1, 9
1_26_22 10
2_13_14 11, 3
4_11_10 8, 16, 4, 12
7_2_18 10, 2, 6, 14, 7, 15, 3
1_11_20 5
1_23_12 16
6_4_18 10, 2, 6, 14, 7, 15
3_10_16 7, 15, 3
2_26_14 6, 14
6_24_02 3, 11, 15, 7, 16, 8
5_6_20 12, 4, 8, 16, 9
3_27_12 9, 1, 13
7_23_06 5, 13, 1, 9, 14, 6, 10
3_14_06 3, 11, 15
7_29_10 9, 1, 5, 13, 6, 14, 2
4_14_04 6, 14, 2, 10
3_20_04 15, 7, 3
2_24_16 6, 14
5_7_16 10, 2, 6, 14, 3
6_29_04 6, 14, 2, 10, 3, 11
4_5_14 9, 1, 5, 13
2_18_20 7, 15
7_14_22 15, 7, 11, 3, 8, 16, 4
1_7_20 4
8_12_02 4, 12, 16, 8, 5, 13, 1, 9
7_9_22 14, 6, 10, 2, 15, 7, 11
3_29_14 11, 3, 7
5_30_04 6, 14, 2, 10, 15
5_18_20 11, 3, 7, 15, 8
3_17_18 10, 2, 6
8_7_16 10, 2, 6, 14, 11, 3, 7, 15
8_28_06 6, 14, 2, 10, 7, 15, 3, 11
6_25_08 7, 15, 3, 11, 8, 16
1_9_16 11
4_19_14 8, 16, 4, 12
2_22_08 2, 10
5_17_16 9, 1, 5, 13, 10
7_19_08 5, 13, 1, 9, 14, 6, 10
2_7_16 10, 2
3_18_02 14, 6, 10
4_3_14 8, 16, 4, 12
7_31_06 7, 15, 3, 11, 12, 4, 8
7_22_14 9, 1, 5, 13, 6, 14, 2
6_26_18 12, 4, 8, 16, 9, 1
6_21_10 7, 15, 3, 11, 8, 16
7_11_06 6, 14, 2, 10, 15, 7, 11
8_31_18 13, 5, 9, 1, 10, 2, 6, 14
7_16_14 11, 3, 7, 15, 12, 4, 8
4_13_10 9, 1, 5, 13
6_29_00 4, 12, 16, 8, 1, 9
1_6_12 4
7_4_12 7, 15, 3, 11, 12, 4, 8
5_7_18 11, 3, 7, 15, 4
7_19_20 11, 3, 7, 15, 4, 12, 16
6_16_14 11, 3, 7, 15, 4, 12
7_6_16 10, 2, 6, 14, 7, 15, 3
7_16_08 8, 16, 4, 12, 9, 1, 5
6_29_20 14, 6, 10, 2, 11, 3
3_7_02 3, 11, 7
4_15_12 10, 2, 6, 14
3_24_20 8, 16, 12
4_4_20 11, 3, 7, 15
7_30_06 7, 15, 3, 11, 16, 8, 12
2_31_12 10, 2
1_30_20 10
8_12_04 5, 13, 1, 9, 6, 14, 2, 10
5_8_06 5, 13, 1, 9, 10
4_9_00 3, 11, 15, 7
5_25_22 14, 6, 10, 2, 15
3_16_04 2, 10, 6
3_12_16 7, 15, 11
8_13_00 4, 12, 16, 8, 1, 9, 13, 5
2_12_20 9, 1
8_13_00 4, 12, 16, 8, 1, 9, 13, 5
8_11_06 6, 14, 2, 10, 7, 15, 3, 11
7_25_20 13, 5, 9, 1, 14, 6, 10
2_29_14 11, 3
5_29_02 5, 13, 1, 9, 2
6_14_18 13, 5, 9, 1, 6, 14
7_30_14 11, 3, 7, 15, 4, 12, 16
1_5_16 10
7_18_20 11, 3, 7, 15, 8, 16, 4
7_16_20 14, 6, 10, 2, 15, 7, 11
8_3_12 7, 15, 3, 11, 8, 16, 4, 12
4_27_02 4, 12, 16, 8
1_3_02 10
5_23_14 9, 1, 5, 13, 2
8_1_22 12, 4, 8, 16, 13, 5, 9, 1
5_16_14 11, 3, 7, 15, 12
5_24_22 13, 5, 9, 1, 2
4_24_16 10, 2, 6, 14
5_23_08 6, 14, 2, 10, 15
8_12_06 6, 14, 2, 10, 7, 15, 3, 11
7_15_16 12, 4, 8, 16, 1, 9, 13
5_5_06 5, 13, 1, 9, 6
7_19_18 10, 2, 6, 14, 3, 11, 15
8_15_00 4, 12, 16, 8, 1, 9, 13, 5
1_15_20 6
2_4_04 15, 7
6_21_02 3, 11, 15, 7, 4, 12
8_21_20 12, 4, 8, 16, 13, 5, 9, 1
5_28_00 3, 11, 15, 7, 8
5_26_08 7, 15, 3, 11, 4
2_11_18 12, 4
3_17_14 8, 16, 4
2_19_16 9, 1
7_6_00 2, 10, 14, 6, 15, 7, 11
1_27_02 12
7_5_14 9, 1, 5, 13, 10, 2, 6
6_15_12 10, 2, 6, 14, 7, 15
4_18_02 2, 10, 14, 6
7_10_06 6, 14, 2, 10, 3, 11, 15
6_11_02 4, 12, 16, 8, 5, 13
4_8_10 7, 15, 3, 11
2_4_08 1, 9
4_24_10 7, 15, 3, 11
4_1_18 10, 2, 6, 14
3_17_04 3, 11, 15
1_7_02 11
6_30_20 14, 6, 10, 2, 7, 15
8_8_02 3, 11, 15, 7, 4, 12, 16, 8
8_3_16 9, 1, 5, 13, 10, 2, 6, 14
2_1_10 6, 14
8_26_16 11, 3, 7, 15, 12, 4, 8, 16
6_3_22 12, 4, 8, 16, 13, 5
4_6_00 2, 10, 14, 6
6_26_14 10, 2, 6, 14, 7, 15
3_7_10 7, 15, 11
1_15_18 5
4_5_00 2, 10, 14, 6
5_9_10 8, 16, 4, 12, 9
5_5_12 8, 16, 4, 12, 9
2_1_04 3, 11
8_15_20 14, 6, 10, 2, 11, 3, 7, 15
6_29_12 10, 2, 6, 14, 7, 15
4_8_04 4, 12, 16, 8
7_22_06 5, 13, 1, 9, 2, 10, 14
7_7_20 12, 4, 8, 16, 5, 13, 1
3_23_16 10, 2, 14
2_5_18 11, 3
6_11_02 4, 12, 16, 8, 5, 13
6_19_04 3, 11, 15, 7, 4, 12
6_1_10 6, 14, 2, 10, 7, 15
8_23_06 5, 13, 1, 9, 6, 14, 2, 10
7_2_22 12, 4, 8, 16, 9, 1, 5
3_24_20 8, 16, 12
3_7_10 7, 15, 11
5_25_12 9, 1, 5, 13, 10
6_10_20 13, 5, 9, 1, 10, 2
6_18_08 5, 13, 1, 9, 2, 10
4_1_02 2, 10, 14, 6
4_19_04 3, 11, 15, 7
5_31_08 8, 16, 4, 12, 13
2_18_02 14, 6
1_21_02 3
4_8_10 7, 15, 3, 11
8_4_18 10, 2, 6, 14, 11, 3, 7, 15
5_23_00 2, 10, 14, 6, 11
8_4_16 9, 1, 5, 13, 10, 2, 6, 14
1_19_12 15
1_20_14 12
3_18_00 13, 5, 9
4_21_22 13, 5, 9, 1
1_13_14 11
2_19_20 11, 3
6_25_04 5, 13, 1, 9, 6, 14
1_16_00 8
1_26_18 8
7_2_22 12, 4, 8, 16, 9, 1, 5
6_5_02 3, 11, 15, 7, 4, 12
6_30_02 5, 13, 1, 9, 14, 6
5_24_04 4, 12, 16, 8, 9
1_3_06 12
4_25_00 3, 11, 15, 7
6_6_12 8, 16, 4, 12, 5, 13
4_22_04 4, 12, 16, 8
5_29_20 14, 6, 10, 2, 11
3_9_02 4, 12, 16
2_15_18 13, 5
8_11_06 6, 14, 2, 10, 7, 15, 3, 11
1_11_02 12
7_18_22 12, 4, 8, 16, 9, 1, 5
2_5_22 13, 5
6_31_00 4, 12, 16, 8, 1, 9
3_19_16 9, 1, 13
3_10_08 3, 11, 15
5_21_04 4, 12, 16, 8, 5
5_21_04 4, 12, 16, 8, 5
6_23_16 10, 2, 6, 14, 11, 3
6_12_06 6, 14, 2, 10, 3, 11
3_21_08 6, 14, 2
7_10_00 3, 11, 15, 7, 16, 8, 12
4_10_10 8, 16, 4, 12
7_29_20 14, 6, 10, 2, 11, 3, 7
4_19_10 6, 14, 2, 10
5_2_00 1, 9, 13, 5, 14
6_31_10 9, 1, 5, 13, 6, 14
6_14_06 7, 15, 3, 11, 16, 8
4_8_00 2, 10, 14, 6
2_7_22 13, 5
2_5_02 3, 11
3_21_06 5, 13, 1
2_11_20 13, 5
5_29_02 5, 13, 1, 9, 2
2_29_18 13, 5
4_19_10 6, 14, 2, 10
7_16_14 11, 3, 7, 15, 12, 4, 8
4_23_08 6, 14, 2, 10
8_4_12 7, 15, 3, 11, 8, 16, 4, 12
6_16_18 13, 5, 9, 1, 6, 14
5_30_04 6, 14, 2, 10, 15
1_4_12 11
4_28_14 10, 2, 6, 14
5_8_18 11, 3, 7, 15, 16
4_18_02 2, 10, 14, 6
6_6_18 11, 3, 7, 15, 8, 16
4_10_18 12, 4, 8, 16
1_14_18 9
1_9_12 9
1_4_22 16
8_30_08 8, 16, 4, 12, 5, 13, 1, 9
3_15_22 15, 7, 3
7_26_16 11, 3, 7, 15, 8, 16, 4
8_24_02 3, 11, 15, 7, 4, 12, 16, 8
7_16_18 13, 5, 9, 1, 14, 6, 10
1_14_16 8
1_31_12 2
6_2_14 8, 16, 4, 12, 5, 13
5_18_20 11, 3, 7, 15, 8
3_10_18 8, 16, 4
1_18_14 4
3_15_06 7, 15, 11
4_17_02 2, 10, 14, 6
3_18_20 7, 15, 3
8_22_22 13, 5, 9, 1, 14, 6, 10, 2
1_16_10 13
6_24_22 13, 5, 9, 1, 10, 2
8_29_14 11, 3, 7, 15, 8, 16, 4, 12
5_14_14 11, 3, 7, 15, 4
6_2_20 11, 3, 7, 15, 8, 16
6_5_12 8, 16, 4, 12, 9, 1
5_21_12 8, 16, 4, 12, 9
5_26_14 10, 2, 6, 14, 7
2_12_06 2, 10
4_15_02 5, 13, 1, 9
1_10_06 2
7_4_16 9, 1, 5, 13, 14, 6, 10
2_11_14 10, 2
3_27_00 3, 11, 7
2_18_08 1, 9
2_22_16 6, 14
5_6_16 10, 2, 6, 14, 7
4_22_08 6, 14, 2, 10
1_19_10 14
1_23_06 13
8_29_10 9, 1, 5, 13, 6, 14, 2, 10
5_25_02 4, 12, 16, 8, 5
2_9_16 11, 3
6_9_00 3, 11, 15, 7, 4, 12
2_10_16 7, 15
6_11_08 7, 15, 3, 11, 8, 16
3_30_02 1, 9, 13
2_15_16 12, 4
3_3_20 11, 3, 15
3_23_14 9, 1, 13
5_27_02 4, 12, 16, 8, 13
6_27_00 3, 11, 15, 7, 4, 12
7_28_20 13, 5, 9, 1, 2, 10, 14
4_13_06 7, 15, 3, 11
5_18_00 1, 9, 13, 5, 14
7_20_04 3, 11, 15, 7, 8, 16, 4
7_8_22 13, 5, 9, 1, 2, 10, 14
1_6_20 8
2_14_06 3, 11
1_18_02 14
5_23_18 11, 3, 7, 15, 4
6_11_12 9, 1, 5, 13, 10, 2
2_9_18 12, 4
2_2_02 14, 6
5_11_18 12, 4, 8, 16, 5
4_16_00 4,12, 16, 8
6_11_14 10, 2, 6, 14, 11, 3
6_2_14 8, 16, 4, 12, 5, 13
7_2_10 6, 14, 2, 10, 3, 11, 15
2_5_22 13, 5
3_8_06 1, 9, 5
2_6_10 3, 11
3_24_02 15, 7, 3
6_16_04 6, 14, 2, 10, 15, 7
1_14_02 1
8_14_18 13, 5, 9, 1, 10, 2, 6, 14
3_26_10 4, 12, 16
6_14_08 8, 16, 4, 12, 1, 9
3_3_06 4, 12, 8
2_25_12 9, 1
1_28_16 15
2_12_22 10, 2
4_3_20 11, 3, 7, 15
1_9_04 5
6_4_08 5, 13, 1, 9, 2, 10
3_19_08 5, 13, 9
1_15_16 4
8_19_12 7, 15, 3, 11, 8, 16, 4, 12
2_2_14 4, 12
4_16_16 12, 4, 8, 16
2_17_02 2, 10
5_3_06 4, 12, 16, 8, 13
7_16_22 15, 7, 11, 3, 16, 8, 12
1_26_10 4
6_1_16 9, 1, 5, 13, 10, 2
2_16_22 11, 3
2_10_14 6, 14
8_5_08 6, 14, 2, 10, 7, 15, 3, 11
7_3_20 11, 3, 7, 15, 4, 12, 16
1_7_18 3
3_9_12 9, 1, 5
6_26_00 3, 11, 15, 7, 16, 8
2_5_18 11, 3
4_11_14 10, 2, 6, 14
4_25_06 6, 14, 2, 10
8_10_04 5, 13, 1, 9, 6, 14, 2, 10
6_16_22 15, 7, 11, 3, 8, 16
7_10_20 13, 5, 9, 1, 10, 2, 6
4_17_00 1, 9, 13, 5
8_15_14 11, 3, 7, 15, 8, 16, 4, 12
6_28_10 8, 16, 4, 12, 5, 13
4_25_12 9, 1, 5, 13
1_27_14 2
3_6_18 7, 15, 3
1_31_16 4
3_24_08 2, 10, 6
2_18_08 1, 9
1_27_14 2
5_8_02 3, 11, 15, 7, 8
7_14_10 9, 1, 5, 13, 2, 10, 14
3_27_20 13, 5, 1
2_10_02 16, 8
1_12_22 2
4_2_04 3, 11, 15, 7
5_29_08 8, 16, 4, 12, 5
7_4_06 4, 12, 16, 8, 9, 1, 5
2_12_10 4, 12
2_26_04 1, 9
7_23_20 12, 4, 8, 16, 5, 13, 1
5_19_04 3, 11, 15, 7, 12
4_3_18 10, 2, 6, 14
5_5_12 8, 16, 4, 12, 9
4_31_06 7, 15, 3, 11
7_28_16 11, 3, 7, 15, 16, 8, 12
2_22_18 7, 15
1_6_08 2
6_9_18 12, 4, 8, 16, 13, 5
8_20_12 7, 15, 3, 11, 8, 16, 4, 12
2_28_08 3, 11
5_10_04 5, 13, 1, 9, 2
8_20_00 1, 9, 13, 5, 2, 10, 14, 6
1_14_04 2
1_4_10 10
8_7_18 11, 3, 7, 15, 12, 4, 8, 16
6_2_02 2, 10, 14, 6, 15, 7
5_22_14 9, 1, 5, 13, 6
7_7_10 7, 15, 3, 11, 16, 8, 12
8_8_14 9, 1, 5, 13, 10, 2, 6, 14
4_2_16 9, 1, 5, 13
7_8_10 7, 15, 3, 11, 12, 4, 8
1_14_06 3
5_28_18 12, 4, 8, 16, 1
8_20_04 3, 11, 15, 7, 4, 12, 16, 8
3_17_02 2, 10, 14
5_6_02 3, 11, 15, 7, 16
5_30_08 8, 16, 4, 12, 1
8_1_00 1, 9, 13, 5, 2, 10, 14, 6
8_2_20 11, 3, 7, 15, 12, 4, 8, 16
4_11_14 10, 2, 6, 14
1_31_18 5
1_2_16 5
3_1_22 12, 4, 8
4_17_04 3, 11, 15, 7
7_27_00 3, 11, 15, 7, 12, 4, 8
6_3_02 2, 10, 14, 6, 3, 11
2_1_02 2, 10
4_11_08 7, 15, 3, 11
3_24_02 15, 7, 3
7_28_10 8, 16, 4, 12, 13, 5, 9
1_24_14 13
8_17_02 2, 10, 14, 6, 3, 11, 15, 7
3_26_16 7, 15, 3
3_4_06 16, 8, 4
5_26_08 7, 15, 3, 11, 4
4_22_22 13, 5, 9, 1
4_6_00 2, 10, 14, 6
3_14_02 1, 9, 13
6_28_08 7, 15, 3, 11, 4, 12
7_20_20 11, 3, 7, 15, 16, 8, 12
1_21_10 7
2_17_12 7, 15
3_3_04 3, 11, 7
1_14_22 11
2_17_04 3, 11
3_10_18 8, 16, 4
5_12_22 14, 6, 10, 2, 3
8_18_02 2, 10, 14, 6, 3, 11, 15, 7
4_2_16 9, 1, 5, 13
6_18_12 7, 15, 3, 11, 4, 12
3_3_02 2, 10, 6
1_29_18 13
3_4_16 5, 13, 9
1_26_06 2
6_27_18 12, 4, 8, 16, 13, 5
8_11_02 4, 12, 16, 8, 5, 13, 1, 9
4_5_02 3, 11, 15, 7
7_17_04 3, 11, 15, 7, 4, 12, 16
4_25_10 8, 16, 4, 12
2_27_14 10, 2
7_9_10 8, 16, 4, 12, 9, 1, 5
2_10_12 5, 13
3_24_04 16, 8, 4
1_31_20 6
8_26_02 4, 12, 16, 8, 5, 13, 1, 9
5_26_12 9, 1, 5, 13, 6
1_11_10 16
8_3_00 1, 9, 13, 5, 2, 10, 14, 6
1_6_00 14
8_2_06 4, 12, 16, 8, 5, 13, 1, 9
3_26_14 6, 14, 2
2_21_20 12, 4
2_31_22 15, 7
7_12_18 12, 4, 8, 16, 1, 9, 13
1_10_12 5
3_2_14 4, 12, 16
6_2_12 7, 15, 3, 11, 4, 12
8_18_18 10, 2, 6, 14, 11, 3, 7, 15
5_22_14 9, 1, 5, 13, 6
4_8_20 12, 4, 8, 16
5_14_08 8, 16, 4, 12, 1
4_12_16 11, 3, 7, 15
6_3_00 1, 9, 13, 5, 2, 10
6_18_10 6, 14, 2, 10, 3, 11
2_23_18 11, 3
5_24_22 13, 5, 9, 1, 2
4_1_10 6, 14, 2, 10
5_22_08 6, 14, 2, 10, 3
2_15_00 4,12
4_13_12 10, 2, 6, 14
5_20_14 8, 16, 4, 12, 13
1_8_20 16
5_11_20 13, 5, 9, 1, 6
3_14_02 1, 9, 13
2_5_12 8, 16
4_4_08 5, 13, 1, 9
4_1_04 3, 11, 15, 7
4_17_04 3, 11, 15, 7
5_15_18 13, 5, 9, 1, 2
8_30_20 14, 6, 10, 2, 11, 3, 7, 15
6_17_16 9, 1, 5, 13, 10, 2
1_8_20 16
6_11_14 10, 2, 6, 14, 11, 3
6_6_14 9, 1, 5, 13, 6, 14
2_3_06 4, 12
4_1_04 3, 11, 15, 7
3_29_10 9, 1, 5
8_20_22 12, 4, 8, 16, 13, 5, 9, 1
7_29_04 6, 14, 2, 10, 3, 11, 15
7_31_22 15, 7, 11, 3, 4, 12, 16
4_6_14 9, 1, 5, 13
7_27_22 14, 6, 10, 2, 7, 15, 3
2_8_00 14, 6
5_9_18 12, 4, 8, 16, 13
4_18_20 11, 3, 7, 15
6_31_06 7, 15, 3, 11, 4, 12
5_22_16 10, 2, 6, 14, 7
4_6_00 2, 10, 14, 6
2_11_08 7, 15
1_24_08 10
2_9_20 13, 5
7_24_22 13, 5, 9, 1, 2, 10, 14
3_17_22 12, 4, 8
2_1_16 9, 1
5_4_20 11, 3, 7, 15, 16
5_17_22 12, 4, 8, 16, 13
4_1_00 1, 9, 13, 5
2_24_08 2, 10
6_8_14 9, 1, 5, 13, 6, 14
4_28_02 4, 12, 16, 8
6_9_22 14, 6, 10, 2, 15, 7
4_20_22 12, 4, 8, 16
2_31_06 7, 15
6_29_10 9, 1, 5, 13, 6, 14
1_28_14 14
4_30_18 13, 5, 9, 1
8_28_12 9, 1, 5, 13, 10, 2, 6, 14
2_25_00 3, 11
5_23_22 13, 5, 9, 1, 6
1_19_02 10
3_22_08 2, 10, 14
8_13_04 6, 14, 2, 10, 3, 11, 15, 7
6_7_20 12, 4, 8, 16, 13, 5
5_24_10 7, 15, 3, 11, 12
8_20_02 2, 10, 14, 6, 3, 11, 15, 7
4_3_04 3, 11, 15, 7
8_10_10 8, 16, 4, 12, 9, 1, 5, 13
3_21_18 11, 3, 7
3_19_14 8, 16, 12
2_19_12 7, 15
4_26_16 11, 3, 7, 15
1_27_22 6
3_21_18 11, 3, 7
4_8_04 4, 12, 16, 8
2_12_02 16, 8
2_11_18 12, 4
4_28_10 8, 16, 4, 12
1_6_16 6
8_31_14 11, 3, 7, 15, 8, 16, 4, 12
6_20_14 8, 16, 4, 12, 5, 13
5_26_08 7, 15, 3, 11, 4
7_8_06 5, 13, 1, 9, 10, 2, 6
3_5_06 5, 13, 1
4_21_12 8, 16, 4, 12
2_13_22 15, 7
2_16_16 8, 16
5_1_06 4, 12, 16, 8, 5
6_16_18 13, 5, 9, 1, 6, 14
6_31_02 5, 13, 1, 9, 2, 10
7_31_14 11, 3, 7, 15, 16, 8, 12
8_5_12 8, 16, 4, 12, 9, 1, 5, 13
8_30_08 8, 16, 4, 12, 5, 13, 1, 9
7_9_20 13, 5, 9, 1, 14, 6, 10
4_1_06 4, 12, 16, 8
8_3_12 7, 15, 3, 11, 8, 16, 4, 12
4_7_08 6, 14, 2, 10
7_8_10 7, 15, 3, 11, 12, 4, 8
2_7_16 10, 2
7_6_20 12, 4, 8, 16, 9, 1, 5
8_22_00 2, 10, 14, 6, 3, 11, 15, 7
2_25_14 10, 2
6_12_08 7, 15, 3, 11, 4, 12
7_27_16 11, 3, 7, 15, 4, 12, 16
1_9_04 5
2_23_02 3, 11
4_28_06 6, 14, 2, 10
7_17_00 1, 9, 13, 5, 2, 10, 14
7_27_18 12, 4, 8, 16, 5, 13, 1
8_7_14 9, 1, 5, 13, 10, 2, 6, 14
8_28_00 3, 11, 15, 7, 4, 12, 16, 8
6_2_04 3, 11, 15, 7, 16, 8
8_24_16 10, 2, 6, 14, 11, 3, 7, 15
3_24_10 3, 11, 7
4_18_14 8, 16, 4, 12
5_29_06 7, 15, 3, 11, 4
8_30_06 7, 15, 3, 11, 4, 12, 16, 8
1_30_06 3
2_8_06 1, 9
7_2_18 10, 2, 6, 14, 7, 15, 3
8_10_20 13, 5, 9, 1, 14, 6, 10, 2
5_23_04 4, 12, 16, 8, 13
3_29_02 5, 13, 1
7_7_00 2, 10, 14, 6, 11, 3, 7
5_6_20 12, 4, 8, 16, 9
4_7_18 11, 3, 7, 15
4_21_06 5, 13, 1, 9
6_29_10 9, 1, 5, 13, 6, 14
8_17_14 8, 16, 4, 12, 9, 1, 5, 13
2_11_08 7, 15
8_17_16 9, 1, 5, 13, 10, 2, 6, 14
5_26_10 8, 16, 4, 12, 5
2_1_10 6, 14
3_9_22 14, 6, 10
7_13_02 5, 13, 1, 9, 2, 10, 14
6_9_18 12, 4, 8, 16, 13, 5
2_21_12 8, 16
7_27_10 8, 16, 4, 12, 1, 9, 13
3_14_10 5, 13, 1
1_19_12 15
3_8_12 4, 12, 8
8_23_20 12, 4, 8, 16, 13, 5, 9, 1
1_27_02 12
5_7_06 5, 13, 1, 9, 14
7_26_14 10, 2, 6, 14, 7, 15, 3
3_28_08 3, 11, 7
1_3_14 16
2_28_12 5, 13
5_3_16 9, 1, 5, 13, 2
2_28_22 10, 2
8_12_10 8, 16, 4, 12, 9, 1, 5, 13
7_11_08 7, 15, 3, 11, 16, 8, 12
4_13_16 12, 4, 8, 16
3_21_06 5, 13, 1
8_6_20 12, 4, 8, 16, 13, 5, 9, 1
6_6_22 13, 5, 9, 1, 10, 2
1_5_14 9
1_7_18 3
3_21_14 9, 1, 5
8_28_22 14, 6, 10, 2, 15, 7, 11, 3
4_17_18 10, 2, 6, 14
4_14_08 8, 16, 4, 12
1_31_22 7
5_27_22 14, 6, 10, 2, 7
6_27_06 6, 14, 2, 10, 7, 15
4_27_10 8, 16, 4, 12
3_5_20 12, 4, 8
