subset:1.txt
8_9_18 12, 4, 8, 16, 13, 5, 9, 1
7_10_12 9, 1, 5, 13, 6, 14, 2
7_24_10 7, 15, 3, 11, 12, 4, 8
1_9_08 7
3_5_18 11, 3, 7
3_13_08 8, 16, 4
2_1_18 10, 2
1_27_16 3
8_13_22 15, 7, 11, 3, 12, 4, 8, 16
5_27_02 4, 12, 16, 8, 13
2_24_22 9, 1
7_6_04 4, 12, 16, 8, 1, 9, 13
2_21_22 13, 5
1_19_00 9
4_19_14 8, 16, 4, 12
7_14_02 5, 13, 1, 9, 14, 6, 10
6_29_00 4, 12, 16, 8, 1, 9
1_26_12 5
6_18_02 2, 10, 14, 6, 15, 7
3_4_20 7, 15, 11
4_3_18 10, 2, 6, 14
1_30_10 5
7_1_14 8, 16, 4, 12, 9, 1, 5
7_30_20 14, 6, 10, 2, 7, 15, 3
8_9_16 11, 3, 7, 15, 12, 4, 8, 16
2_11_22 14, 6
1_16_18 1
1_23_04 12
7_18_06 4, 12, 16, 8, 1, 9, 13
6_7_20 12, 4, 8, 16, 13, 5
8_25_02 4, 12, 16, 8, 5, 13, 1, 9
2_9_18 12, 4
6_2_04 3, 11, 15, 7, 16, 8
4_18_00 1, 9, 13, 5
6_31_12 10, 2, 6, 14, 7, 15
6_4_14 8, 16, 4, 12, 5, 13
7_18_14 8, 16, 4, 12, 5, 13, 1
3_1_16 9, 1, 5
2_6_12 4, 12
7_17_20 11, 3, 7, 15, 12, 4, 8
6_15_08 8, 16, 4, 12, 5, 13
1_25_14 10
2_23_18 11, 3
6_30_22 15, 7, 11, 3, 8, 16
7_23_08 6, 14, 2, 10, 15, 7, 11
5_16_16 12, 4, 8, 16, 13
3_20_08 1, 9, 5
1_22_18 7
4_28_08 7, 15, 3, 11
3_1_22 12, 4, 8
7_6_22 13, 5, 9, 1, 10, 2, 6
7_7_04 4, 12, 16, 8, 13, 5, 9
5_22_10 7, 15, 3, 11, 4
2_30_18 9, 1
3_31_12 10, 2, 14
5_28_14 10, 2, 6, 14, 15
4_4_06 4, 12, 16, 8
2_29_16 12, 4
6_10_12 9, 1, 5, 13, 6, 14
1_19_12 15
3_26_16 7, 15, 3
2_2_10 2, 10
1_26_02 16
1_24_10 11
7_29_12 10, 2, 6, 14, 7, 15, 3
2_13_00 4,12
3_6_14 5, 13, 1
3_4_18 6, 14, 10
4_23_20 12, 4, 8, 16
2_16_04 2, 10
7_15_08 8, 16, 4, 12, 13, 5, 9
7_18_08 5, 13, 1, 9, 2, 10, 14
4_22_04 4, 12, 16, 8
2_25_18 12, 4
6_27_02 4, 12, 16, 8, 5, 13
8_1_14 8, 16, 4, 12, 9, 1, 5, 13
8_29_00 4, 12, 16, 8, 1, 9, 13, 5
7_1_16 9, 1, 5, 13, 10, 2, 6
6_8_16 10, 2, 6, 14, 7, 15
3_31_20 14, 6, 2
4_18_06 4, 12, 16, 8
4_6_10 7, 15, 3, 11
5_27_04 5, 13, 1, 9, 14
3_16_12 6, 14, 10
5_30_14 11, 3, 7, 15, 4
2_31_10 9, 1
1_25_14 10
4_17_08 5, 13, 1, 9
4_26_20 13, 5, 9, 1
7_16_22 15, 7, 11, 3, 16, 8, 12
8_1_12 7, 15, 3, 11, 8, 16, 4, 12
8_31_04 6, 14, 2, 10, 3, 11, 15, 7
3_28_06 2, 10, 6
3_3_04 3, 11, 7
7_26_00 3, 11, 15, 7, 16, 8, 12
4_20_18 10, 2, 6, 14
3_26_00 15, 7, 11
8_26_12 9, 1, 5, 13, 10, 2, 6, 14
2_22_16 6, 14
4_10_00 3, 11, 15, 7
1_4_16 13
6_6_20 12, 4, 8, 16, 9, 1
8_7_16 10, 2, 6, 14, 11, 3, 7, 15
8_11_22 14, 6, 10, 2, 15, 7, 11, 3
8_5_02 3, 11, 15, 7, 4, 12, 16, 8
8_16_14 11, 3, 7, 15, 8, 16, 4, 12
2_14_08 4, 12
1_16_00 8
6_12_12 9, 1, 5, 13, 6, 14
7_5_10 7, 15, 3, 11, 8, 16, 4
8_6_08 6, 14, 2, 10, 7, 15, 3, 11
1_7_08 14
7_5_18 11, 3, 7, 15, 12, 4, 8
7_10_10 8, 16, 4, 12, 5, 13, 1
8_2_12 7, 15, 3, 11, 8, 16, 4, 12
7_30_06 7, 15, 3, 11, 16, 8, 12
4_1_16 9, 1, 5, 13
1_15_12 2
3_26_18 8, 16, 4
2_17_14 8, 16
5_1_10 6, 14, 2, 10, 7
7_3_22 12, 4, 8, 16, 5, 13, 1
7_4_02 2, 10, 14, 6, 7, 15, 3
5_5_14 9, 1, 5, 13, 10
7_18_16 9, 1, 5, 13, 6, 14, 2
2_19_10 6, 14
4_14_08 8, 16, 4, 12
3_19_06 4, 12, 8
4_8_00 2, 10, 14, 6
1_22_12 4
6_14_04 6, 14, 2, 10, 15, 7
8_18_12 7, 15, 3, 11, 8, 16, 4, 12
2_5_22 13, 5
8_20_10 6, 14, 2, 10, 7, 15, 3, 11
1_5_12 8
2_18_18 6, 14
1_11_22 6
2_30_14 7, 15
7_24_16 10, 2, 6, 14, 15, 7, 11
8_30_06 7, 15, 3, 11, 4, 12, 16, 8
2_27_20 13, 5
8_28_04 5, 13, 1, 9, 6, 14, 2, 10
8_9_04 5, 13, 1, 9, 6, 14, 2, 10
8_6_02 3, 11, 15, 7, 4, 12, 16, 8
1_21_22 13
8_19_16 9, 1, 5, 13, 10, 2, 6, 14
6_4_16 9, 1, 5, 13, 6, 14
3_2_20 7, 15, 3
4_20_00 1, 9, 13, 5
4_28_08 7, 15, 3, 11
5_9_00 3, 11, 15, 7, 4
7_31_04 6, 14, 2, 10, 11, 3, 7
2_9_10 8, 16
5_26_00 3, 11, 15, 7, 16
2_26_10 4, 12
7_30_14 11, 3, 7, 15, 4, 12, 16
6_15_10 9, 1, 5, 13, 6, 14
1_19_20 3
4_17_18 10, 2, 6, 14
3_30_00 16, 8, 12
2_4_06 16, 8
5_13_12 10, 2, 6, 14, 7
4_7_10 7, 15, 3, 11
7_15_08 8, 16, 4, 12, 13, 5, 9
4_20_20 11, 3, 7, 15
3_3_22 12, 4, 16
3_14_10 5, 13, 1
6_18_20 11, 3, 7, 15, 8, 16
4_27_10 8, 16, 4, 12
6_24_16 10, 2, 6, 14, 7, 15
1_6_22 9
4_17_04 3, 11, 15, 7
2_15_02 5, 13
4_14_00 4,12, 16, 8
7_3_10 6, 14, 2, 10, 15, 7, 11
6_13_22 15, 7, 11, 3, 12, 4
1_28_22 2
3_7_18 11, 3, 15
6_24_08 6, 14, 2, 10, 3, 11
6_15_14 11, 3, 7, 15, 8, 16
5_11_02 4, 12, 16, 8, 13
4_4_14 8, 16, 4, 12
1_25_02 4
8_15_20 14, 6, 10, 2, 11, 3, 7, 15
3_30_18 9, 1, 5
7_16_08 8, 16, 4, 12, 9, 1, 5
4_10_18 12, 4, 8, 16
8_10_22 14, 6, 10, 2, 15, 7, 11, 3
1_9_22 14
8_9_06 6, 14, 2, 10, 7, 15, 3, 11
3_3_04 3, 11, 7
1_29_16 12
4_10_08 7, 15, 3, 11
8_13_04 6, 14, 2, 10, 3, 11, 15, 7
1_8_10 11
1_4_06 8
6_10_16 11, 3, 7, 15, 8, 16
3_20_18 6, 14, 10
8_18_06 4, 12, 16, 8, 5, 13, 1, 9
5_1_12 7, 15, 3, 11, 8
4_31_12 10, 2, 6, 14
6_11_12 9, 1, 5, 13, 10, 2
4_31_06 7, 15, 3, 11
2_4_14 4, 12
8_19_06 4, 12, 16, 8, 5, 13, 1, 9
2_3_20 11, 3
5_16_18 13, 5, 9, 1, 14
7_17_20 11, 3, 7, 15, 12, 4, 8
3_3_06 4, 12, 8
7_1_00 1, 9, 13, 5, 2, 10, 14
3_26_18 8, 16, 4
7_5_00 2, 10, 14, 6, 3, 11, 15
5_26_14 10, 2, 6, 14, 7
6_3_16 9, 1, 5, 13, 10, 2
6_27_08 7, 15, 3, 11, 8, 16
8_20_18 10, 2, 6, 14, 11, 3, 7, 15
2_11_04 5, 13
5_15_04 6, 14, 2, 10, 11
4_4_14 8, 16, 4, 12
2_25_10 8, 16
1_16_20 2
2_11_12 9, 1
4_4_16 9, 1, 5, 13
1_8_22 1
5_4_18 10, 2, 6, 14, 15
2_30_02 1, 9
6_11_18 12, 4, 8, 16, 13, 5
1_22_22 9
3_22_14 5, 13, 1
6_28_20 13, 5, 9, 1, 10, 2
7_20_00 1, 9, 13, 5, 6, 14, 2
1_12_04 9
8_3_10 6, 14, 2, 10, 7, 15, 3, 11
3_22_14 5, 13, 1
4_10_08 7, 15, 3, 11
4_19_02 2, 10, 14, 6
8_24_16 10, 2, 6, 14, 11, 3, 7, 15
8_14_00 4, 12, 16, 8, 1, 9, 13, 5
2_22_08 2, 10
5_3_04 3, 11, 15, 7, 12
7_16_00 4, 12, 16, 8, 5, 13, 1
2_21_14 9, 1
8_31_14 11, 3, 7, 15, 8, 16, 4, 12
5_20_10 6, 14, 2, 10, 11
2_4_10 2, 10
2_8_10 3, 11
5_22_02 3, 11, 15, 7, 16
1_26_04 1
7_7_06 5, 13, 1, 9, 14, 6, 10
1_24_20 16
3_1_14 8, 16, 4
6_11_00 3, 11, 15, 7, 4, 12
7_12_04 5, 13, 1, 9, 10, 2, 6
8_19_10 6, 14, 2, 10, 7, 15, 3, 11
6_25_14 10, 2, 6, 14, 11, 3
2_21_00 2, 10
7_14_18 13, 5, 9, 1, 6, 14, 2
3_1_10 6, 14, 2
6_8_18 11, 3, 7, 15, 8, 16
6_29_10 9, 1, 5, 13, 6, 14
8_16_18 13, 5, 9, 1, 10, 2, 6, 14
3_6_02 15, 7, 11
5_30_10 9, 1, 5, 13, 2
4_31_14 11, 3, 7, 15
1_14_12 6
7_8_04 4, 12, 16, 8, 9, 1, 5
3_10_18 8, 16, 4
8_23_14 9, 1, 5, 13, 10, 2, 6, 14
4_28_18 12, 4, 8, 16
8_1_10 6, 14, 2, 10, 7, 15, 3, 11
2_8_06 1, 9
3_4_22 8, 16, 12
4_24_00 2, 10, 14, 6
6_7_10 7, 15, 3, 11, 8, 16
4_13_16 12, 4, 8, 16
2_3_16 9, 1
7_21_10 7, 15, 3, 11, 8, 16, 4
2_3_02 2, 10
4_15_02 5, 13, 1, 9
2_22_06 1, 9
4_29_12 10, 2, 6, 14
5_12_18 12, 4, 8, 16, 1
1_24_18 15
6_2_10 6, 14, 2, 10, 3, 11
6_27_12 9, 1, 5, 13, 10, 2
1_14_22 11
4_17_14 8, 16, 4, 12
8_10_06 6, 14, 2, 10, 7, 15, 3, 11
8_11_06 6, 14, 2, 10, 7, 15, 3, 11
3_16_22 11, 3, 15
8_26_12 9, 1, 5, 13, 10, 2, 6, 14
3_1_00 1, 9, 13
7_25_22 14, 6, 10, 2, 15, 7, 11
5_8_00 2, 10, 14, 6, 7
3_23_00 2, 10, 6
3_23_08 6, 14, 10
7_29_08 8, 16, 4, 12, 5, 13, 1
1_23_22 5
1_8_10 11
2_21_10 7, 15
6_10_10 8, 16, 4, 12, 5, 13
5_9_10 8, 16, 4, 12, 9
3_13_08 8, 16, 4
8_25_10 8, 16, 4, 12, 9, 1, 5, 13
2_14_12 6, 14
6_13_14 11, 3, 7, 15, 8, 16
1_6_00 14
4_22_18 11, 3, 7, 15
8_3_02 2, 10, 14, 6, 3, 11, 15, 7
2_1_22 12, 4
7_4_06 4, 12, 16, 8, 9, 1, 5
1_2_20 7
3_20_20 7, 15, 11
6_13_18 13, 5, 9, 1, 10, 2
1_11_10 16
4_26_08 7, 15, 3, 11
8_8_18 11, 3, 7, 15, 12, 4, 8, 16
1_25_16 11
5_19_16 9, 1, 5, 13, 2
7_15_06 7, 15, 3, 11, 12, 4, 8
6_30_06 7, 15, 3, 11, 16, 8
1_2_18 6
7_1_10 6, 14, 2, 10, 7, 15, 3
6_12_06 6, 14, 2, 10, 3, 11
7_18_00 1, 9, 13, 5, 14, 6, 10
6_6_20 12, 4, 8, 16, 9, 1
4_19_14 8, 16, 4, 12
3_8_04 16, 8, 4
6_8_00 2, 10, 14, 6, 15, 7
5_22_10 7, 15, 3, 11, 4
2_25_18 12, 4
2_12_00 15, 7
4_26_12 9, 1, 5, 13
6_10_04 5, 13, 1, 9, 2, 10
2_5_04 4, 12
3_13_00 4,12, 16
7_1_14 8, 16, 4, 12, 9, 1, 5
7_20_06 4, 12, 16, 8, 9, 1, 5
6_19_12 7, 15, 3, 11, 8, 16
3_16_22 11, 3, 15
6_10_22 14, 6, 10, 2, 11, 3
8_24_04 4, 12, 16, 8, 5, 13, 1, 9
1_26_10 4
1_10_18 8
5_25_02 4, 12, 16, 8, 5
4_29_14 11, 3, 7, 15
3_4_06 16, 8, 4
8_14_10 9, 1, 5, 13, 6, 14, 2, 10
7_18_10 6, 14, 2, 10, 3, 11, 15
4_9_06 6, 14, 2, 10
4_5_06 5, 13, 1, 9
8_17_10 6, 14, 2, 10, 7, 15, 3, 11
4_8_16 10, 2, 6, 14
4_4_20 11, 3, 7, 15
4_30_22 15, 7, 11, 3
4_27_04 5, 13, 1, 9
1_29_02 5
1_28_08 11
6_16_10 9, 1, 5, 13, 2, 10
2_16_02 1, 9
4_14_20 14, 6, 10, 2
8_8_20 12, 4, 8, 16, 13, 5, 9, 1
6_23_08 6, 14, 2, 10, 7, 15
7_27_06 6, 14, 2, 10, 15, 7, 11
3_26_10 4, 12, 16
7_23_08 6, 14, 2, 10, 15, 7, 11
8_27_08 7, 15, 3, 11, 8, 16, 4, 12
4_8_22 13, 5, 9, 1
8_18_14 8, 16, 4, 12, 9, 1, 5, 13
2_2_12 3, 11
1_5_22 13
4_27_06 6, 14, 2, 10
8_7_00 2, 10, 14, 6, 3, 11, 15, 7
7_1_20 11, 3, 7, 15, 12, 4, 8
5_8_02 3, 11, 15, 7, 8
5_20_22 12, 4, 8, 16, 1
2_25_12 9, 1
3_15_16 12, 4, 16
5_19_14 8, 16, 4, 12, 1
3_25_02 4, 12, 16
8_22_10 7, 15, 3, 11, 8, 16, 4, 12
7_5_20 12, 4, 8, 16, 13, 5, 9
5_20_12 7, 15, 3, 11, 12
5_30_14 11, 3, 7, 15, 4
1_23_14 1
8_13_10 9, 1, 5, 13, 6, 14, 2, 10
5_9_08 7, 15, 3, 11, 8
4_15_18 13, 5, 9, 1
4_8_08 6, 14, 2, 10
6_23_02 3, 11, 15, 7, 4, 12
3_2_02 14, 6, 10
7_26_12 9, 1, 5, 13, 6, 14, 2
6_7_20 12, 4, 8, 16, 13, 5
1_30_12 6
7_19_10 6, 14, 2, 10, 15, 7, 11
5_4_16 9, 1, 5, 13, 14
8_23_00 2, 10, 14, 6, 3, 11, 15, 7
3_27_02 4, 12, 8
3_16_10 5, 13, 9
4_11_22 14, 6, 10, 2
7_7_12 8, 16, 4, 12, 1, 9, 13
3_16_02 1, 9, 5
4_30_04 6, 14, 2, 10
6_20_22 12, 4, 8, 16, 9, 1
7_27_08 7, 15, 3, 11, 16, 8, 12
6_9_12 9, 1, 5, 13, 10, 2
2_13_12 10, 2
7_5_04 4, 12, 16, 8, 5, 13, 1
6_1_18 10, 2, 6, 14, 11, 3
8_5_12 8, 16, 4, 12, 9, 1, 5, 13
2_15_10 9, 1
8_17_22 12, 4, 8, 16, 13, 5, 9, 1
1_16_04 10
8_29_10 9, 1, 5, 13, 6, 14, 2, 10
3_19_02 2, 10, 6
5_24_06 5, 13, 1, 9, 10
4_11_00 3, 11, 15, 7
6_31_20 14, 6, 10, 2, 11, 3
6_26_06 6, 14, 2, 10, 3, 11
7_27_00 3, 11, 15, 7, 12, 4, 8
8_12_14 10, 2, 6, 14, 11, 3, 7, 15
5_29_20 14, 6, 10, 2, 11
4_19_14 8, 16, 4, 12
8_11_20 13, 5, 9, 1, 14, 6, 10, 2
2_15_22 15, 7
7_12_12 9, 1, 5, 13, 14, 6, 10
3_12_10 4, 12, 8
6_31_10 9, 1, 5, 13, 6, 14
8_10_14 10, 2, 6, 14, 11, 3, 7, 15
3_21_08 6, 14, 2
8_15_18 13, 5, 9, 1, 10, 2, 6, 14
4_18_20 11, 3, 7, 15
7_6_14 9, 1, 5, 13, 6, 14, 2
6_4_10 6, 14, 2, 10, 3, 11
1_5_22 13
1_29_00 4
2_31_18 13, 5
7_28_14 10, 2, 6, 14, 15, 7, 11
4_15_10 9, 1, 5, 13
4_19_14 8, 16, 4, 12
4_6_00 2, 10, 14, 6
3_28_20 9, 1, 13
7_22_12 8, 16, 4, 12, 5, 13, 1
4_8_22 13, 5, 9, 1
6_24_08 6, 14, 2, 10, 3, 11
6_31_22 15, 7, 11, 3, 12, 4
5_20_16 9, 1, 5, 13, 14
5_25_14 10, 2, 6, 14, 11
8_17_00 1, 9, 13, 5, 2, 10, 14, 6
8_17_14 8, 16, 4, 12, 9, 1, 5, 13
2_11_14 10, 2
6_27_04 5, 13, 1, 9, 6, 14
8_31_14 11, 3, 7, 15, 8, 16, 4, 12
7_31_14 11, 3, 7, 15, 16, 8, 12
6_17_14 8, 16, 4, 12, 9, 1
4_26_10 8, 16, 4, 12
2_26_00 15, 7
1_18_08 1
1_2_08 1
2_15_14 11, 3
6_13_02 5, 13, 1, 9, 2, 10
7_24_06 5, 13, 1, 9, 10, 2, 6
5_25_08 7, 15, 3, 11, 8
8_7_18 11, 3, 7, 15, 12, 4, 8, 16
3_28_12 5, 13, 9
3_30_00 16, 8, 12
7_31_02 5, 13, 1, 9, 10, 2, 6
5_3_06 4, 12, 16, 8, 13
3_22_00 14, 6, 10
1_29_10 9
3_14_00 16, 8, 12
4_28_10 8, 16, 4, 12
1_27_22 6
3_30_12 6, 14, 2
8_23_14 9, 1, 5, 13, 10, 2, 6, 14
4_16_08 8, 16, 4, 12
6_7_20 12, 4, 8, 16, 13, 5
6_15_16 12, 4, 8, 16, 9, 1
1_31_06 15
2_31_04 6, 14
4_24_02 3, 11, 15, 7
2_16_08 4, 12
1_20_20 15
6_22_18 11, 3, 7, 15, 8, 16
8_11_22 14, 6, 10, 2, 15, 7, 11, 3
1_9_12 9
6_6_10 7, 15, 3, 11, 4, 12
1_26_18 8
6_30_06 7, 15, 3, 11, 16, 8
6_30_14 11, 3, 7, 15, 4, 12
3_3_02 2, 10, 6
1_19_00 9
3_18_08 1, 9, 13
3_13_04 6, 14, 2
7_16_08 8, 16, 4, 12, 9, 1, 5
5_2_18 10, 2, 6, 14, 7
7_21_06 5, 13, 1, 9, 6, 14, 2
7_18_06 4, 12, 16, 8, 1, 9, 13
6_30_00 4, 12, 16, 8, 13, 5
7_4_04 3, 11, 15, 7, 8, 16, 4
1_5_16 10
8_4_10 6, 14, 2, 10, 7, 15, 3, 11
3_25_08 7, 15, 3
6_11_16 11, 3, 7, 15, 12, 4
7_25_22 14, 6, 10, 2, 15, 7, 11
7_4_18 10, 2, 6, 14, 15, 7, 11
1_2_18 6
6_11_04 5, 13, 1, 9, 6, 14
6_15_00 4, 12, 16, 8, 1, 9
5_6_02 3, 11, 15, 7, 16
8_1_22 12, 4, 8, 16, 13, 5, 9, 1
7_23_06 5, 13, 1, 9, 14, 6, 10
3_10_16 7, 15, 3
2_19_10 6, 14
6_17_06 4, 12, 16, 8, 5, 13
1_13_16 12
8_29_14 11, 3, 7, 15, 8, 16, 4, 12
2_23_06 5, 13
8_25_02 4, 12, 16, 8, 5, 13, 1, 9
6_3_06 4, 12, 16, 8, 5, 13
4_20_20 11, 3, 7, 15
2_10_10 4, 12
4_9_16 11, 3, 7, 15
6_9_12 9, 1, 5, 13, 10, 2
5_2_02 2, 10, 14, 6, 15
2_27_12 9, 1
2_14_22 11, 3
1_6_02 15
3_12_12 5, 13, 9
2_5_12 8, 16
2_8_04 16, 8
7_5_22 13, 5, 9, 1, 14, 6, 10
6_8_00 2, 10, 14, 6, 15, 7
4_31_06 7, 15, 3, 11
5_11_18 12, 4, 8, 16, 5
7_4_22 12, 4, 8, 16, 1, 9, 13
8_5_20 12, 4, 8, 16, 13, 5, 9, 1
1_28_16 15
3_5_14 9, 1, 5
7_16_02 5, 13, 1, 9, 6, 14, 2
7_10_14 10, 2, 6, 14, 7, 15, 3
7_29_16 12, 4, 8, 16, 9, 1, 5
6_18_12 7, 15, 3, 11, 4, 12
2_9_14 10, 2
5_10_02 4, 12, 16, 8, 1
4_1_04 3, 11, 15, 7
8_8_22 13, 5, 9, 1, 14, 6, 10, 2
1_24_12 12
4_9_02 4, 12, 16, 8
1_4_22 16
6_8_12 8, 16, 4, 12, 5, 13
7_30_18 13, 5, 9, 1, 6, 14, 2
4_15_12 10, 2, 6, 14
8_5_18 11, 3, 7, 15, 12, 4, 8, 16
1_20_04 7
7_12_22 14, 6, 10, 2, 3, 11, 15
7_22_00 2, 10, 14, 6, 15, 7, 11
3_30_22 11, 3, 7
7_31_08 8, 16, 4, 12, 13, 5, 9
7_6_08 6, 14, 2, 10, 3, 11, 15
6_1_10 6, 14, 2, 10, 7, 15
3_25_20 13, 5, 9
2_7_10 7, 15
8_6_10 7, 15, 3, 11, 8, 16, 4, 12
6_31_18 13, 5, 9, 1, 10, 2
6_2_14 8, 16, 4, 12, 5, 13
5_11_16 11, 3, 7, 15, 4
4_21_18 11, 3, 7, 15
2_1_12 7, 15
5_5_16 10, 2, 6, 14, 11
8_14_10 9, 1, 5, 13, 6, 14, 2, 10
4_3_22 12, 4, 8, 16
5_27_06 6, 14, 2, 10, 15
3_17_18 10, 2, 6
4_4_00 1, 9, 13, 5
7_16_22 15, 7, 11, 3, 16, 8, 12
6_5_02 3, 11, 15, 7, 4, 12
3_2_08 1, 9, 13
8_8_12 8, 16, 4, 12, 9, 1, 5, 13
6_22_18 11, 3, 7, 15, 8, 16
2_23_12 8, 16
3_25_20 13, 5, 9
1_10_08 3
3_26_04 1, 9, 13
4_22_22 13, 5, 9, 1
1_27_20 5
8_5_06 5, 13, 1, 9, 6, 14, 2, 10
2_7_08 6, 14
2_5_10 7, 15
3_13_08 8, 16, 4
5_16_14 11, 3, 7, 15, 12
2_17_06 4, 12
5_12_10 8, 16, 4, 12, 13
3_19_18 10, 2, 14
