subset:5.txt
2_7_04 4, 12
3_24_02 15, 7, 3
8_21_18 11, 3, 7, 15, 12, 4, 8, 16
4_22_06 5, 13, 1, 9
8_20_18 10, 2, 6, 14, 11, 3, 7, 15
8_8_02 3, 11, 15, 7, 4, 12, 16, 8
3_3_12 7, 15, 11
2_26_20 9, 1
7_5_02 3, 11, 15, 7, 4, 12, 16
6_15_12 10, 2, 6, 14, 7, 15
2_5_10 7, 15
3_30_16 8, 16, 4
3_14_20 10, 2, 6
5_17_12 7, 15, 3, 11, 8
8_15_10 9, 1, 5, 13, 6, 14, 2, 10
5_30_14 11, 3, 7, 15, 4
6_31_20 14, 6, 10, 2, 11, 3
4_31_02 5, 13, 1, 9
8_31_04 6, 14, 2, 10, 3, 11, 15, 7
5_13_14 11, 3, 7, 15, 8
3_16_02 1, 9, 5
6_20_02 2, 10, 14, 6, 15, 7
6_4_14 8, 16, 4, 12, 5, 13
4_1_02 2, 10, 14, 6
7_7_10 7, 15, 3, 11, 16, 8, 12
7_8_18 11, 3, 7, 15, 16, 8, 12
7_23_00 2, 10, 14, 6, 11, 3, 7
1_18_00 13
6_30_08 8, 16, 4, 12, 1, 9
5_16_12 10, 2, 6, 14, 11
7_9_12 9, 1, 5, 13, 10, 2, 6
7_5_18 11, 3, 7, 15, 12, 4, 8
8_2_08 5, 13, 1, 9, 6, 14, 2, 10
1_3_14 16
3_11_00 3, 11, 7
8_21_10 7, 15, 3, 11, 8, 16, 4, 12
1_25_00 3
4_19_00 1, 9, 13, 5
5_4_14 8, 16, 4, 12, 13
6_29_04 6, 14, 2, 10, 3, 11
3_30_10 5, 13, 1
1_9_00 3
2_20_14 4, 12
2_15_02 5, 13
2_29_12 10, 2
5_18_10 6, 14, 2, 10, 3
8_13_02 5, 13, 1, 9, 2, 10, 14, 6
3_30_00 16, 8, 12
1_12_22 2
1_17_02 2
8_2_06 4, 12, 16, 8, 5, 13, 1, 9
5_10_02 4, 12, 16, 8, 1
6_5_12 8, 16, 4, 12, 9, 1
2_1_16 9, 1
2_14_20 10, 2
1_15_00 12
4_27_08 7, 15, 3, 11
5_30_08 8, 16, 4, 12, 1
3_6_00 14, 6, 10
2_10_22 10, 2
7_6_08 6, 14, 2, 10, 3, 11, 15
1_30_18 9
7_24_04 4, 12, 16, 8, 9, 1, 5
7_8_04 4, 12, 16, 8, 9, 1, 5
8_29_18 13, 5, 9, 1, 10, 2, 6, 14
2_19_00 1, 9
5_31_18 13, 5, 9, 1, 2
1_8_12 12
3_18_02 14, 6, 10
4_4_02 2, 10, 14, 6
6_7_02 3, 11, 15, 7, 4, 12
4_10_22 14, 6, 10, 2
2_25_04 5, 13
6_21_00 2, 10, 14, 6, 3, 11
3_28_02 16, 8, 4
5_12_18 12, 4, 8, 16, 1
2_18_10 2, 10
8_31_02 5, 13, 1, 9, 2, 10, 14, 6
3_10_20 9, 1, 5
7_11_18 12, 4, 8, 16, 5, 13, 1
5_13_12 10, 2, 6, 14, 7
4_13_00 4,12, 16, 8
1_6_12 4
6_8_10 7, 15, 3, 11, 4, 12
5_4_12 7, 15, 3, 11, 12
2_9_14 10, 2
3_6_14 5, 13, 1
4_19_10 6, 14, 2, 10
5_9_06 6, 14, 2, 10, 7
4_27_06 6, 14, 2, 10
3_20_16 5, 13, 9
2_22_00 14, 6
6_30_18 13, 5, 9, 1, 6, 14
1_1_22 12
2_1_12 7, 15
1_7_16 2
6_28_06 6, 14, 2, 10, 3, 11
1_25_12 9
7_18_14 8, 16, 4, 12, 5, 13, 1
5_6_00 2, 10, 14, 6, 15
4_3_14 8, 16, 4, 12
4_1_06 4, 12, 16, 8
2_28_08 3, 11
2_29_06 7, 15
8_26_14 10, 2, 6, 14, 11, 3, 7, 15
3_30_20 10, 2, 6
6_31_12 10, 2, 6, 14, 7, 15
8_23_12 8, 16, 4, 12, 9, 1, 5, 13
6_2_12 7, 15, 3, 11, 4, 12
7_4_12 7, 15, 3, 11, 12, 4, 8
4_9_06 6, 14, 2, 10
5_15_00 4, 12, 16, 8, 9
5_30_20 14, 6, 10, 2, 7
7_21_14 9, 1, 5, 13, 10, 2, 6
6_15_12 10, 2, 6, 14, 7, 15
5_20_14 8, 16, 4, 12, 13
6_28_16 11, 3, 7, 15, 8, 16
7_28_16 11, 3, 7, 15, 16, 8, 12
1_26_10 4
3_17_18 10, 2, 6
8_22_22 13, 5, 9, 1, 14, 6, 10, 2
6_30_12 10, 2, 6, 14, 3, 11
5_3_06 4, 12, 16, 8, 13
8_20_06 4, 12, 16, 8, 5, 13, 1, 9
5_4_16 9, 1, 5, 13, 14
7_26_12 9, 1, 5, 13, 6, 14, 2
3_10_12 5, 13, 1
4_23_10 7, 15, 3, 11
7_4_10 6, 14, 2, 10, 11, 3, 7
4_7_18 11, 3, 7, 15
7_15_06 7, 15, 3, 11, 12, 4, 8
6_14_16 12, 4, 8, 16, 5, 13
3_26_04 1, 9, 13
6_10_12 9, 1, 5, 13, 6, 14
6_25_00 3, 11, 15, 7, 4, 12
6_30_02 5, 13, 1, 9, 14, 6
7_7_12 8, 16, 4, 12, 1, 9, 13
6_5_20 12, 4, 8, 16, 13, 5
7_15_18 13, 5, 9, 1, 2, 10, 14
8_18_10 6, 14, 2, 10, 7, 15, 3, 11
8_10_02 4, 12, 16, 8, 5, 13, 1, 9
4_16_20 14, 6, 10, 2
5_4_06 4, 12, 16, 8, 9
4_17_12 7, 15, 3, 11
6_21_20 12, 4, 8, 16, 13, 5
7_29_22 15, 7, 11, 3, 12, 4, 8
3_23_18 11, 3, 15
2_10_08 3, 11
7_4_18 10, 2, 6, 14, 15, 7, 11
6_4_06 4, 12, 16, 8, 1, 9
1_5_08 6
4_20_20 11, 3, 7, 15
8_30_12 10, 2, 6, 14, 7, 15, 3, 11
2_28_14 6, 14
1_6_12 4
7_14_04 6, 14, 2, 10, 15, 7, 11
1_7_08 14
3_19_08 5, 13, 9
4_23_06 5, 13, 1, 9
6_15_12 10, 2, 6, 14, 7, 15
2_10_06 2, 10
6_26_02 4, 12, 16, 8, 1, 9
2_25_22 14, 6
4_13_16 12, 4, 8, 16
5_5_08 6, 14, 2, 10, 7
1_13_22 15
4_28_14 10, 2, 6, 14
3_23_12 8, 16, 12
5_20_12 7, 15, 3, 11, 12
5_15_16 12, 4, 8, 16, 1
6_13_14 11, 3, 7, 15, 8, 16
5_17_08 5, 13, 1, 9, 6
1_3_02 10
7_11_12 9, 1, 5, 13, 2, 10, 14
7_20_12 7, 15, 3, 11, 12, 4, 8
7_23_22 13, 5, 9, 1, 6, 14, 2
6_18_20 11, 3, 7, 15, 8, 16
6_3_22 12, 4, 8, 16, 13, 5
2_16_10 5, 13
4_3_12 7, 15, 3, 11
4_29_18 13, 5, 9, 1
6_17_14 8, 16, 4, 12, 9, 1
8_22_08 6, 14, 2, 10, 7, 15, 3, 11
8_30_12 10, 2, 6, 14, 7, 15, 3, 11
8_3_12 7, 15, 3, 11, 8, 16, 4, 12
3_3_18 10, 2, 14
1_4_16 13
6_17_22 12, 4, 8, 16, 13, 5
6_12_00 3, 11, 15, 7, 16, 8
2_13_22 15, 7
5_14_06 7, 15, 3, 11, 16
5_11_08 7, 15, 3, 11, 16
7_27_02 4, 12, 16, 8, 13, 5, 9
1_28_10 12
6_19_08 5, 13, 1, 9, 6, 14
7_3_08 5, 13, 1, 9, 14, 6, 10
7_11_04 5, 13, 1, 9, 14, 6, 10
8_9_06 6, 14, 2, 10, 7, 15, 3, 11
3_25_04 5, 13, 1
1_11_06 14
3_26_04 1, 9, 13
4_24_14 9, 1, 5, 13
4_5_00 2, 10, 14, 6
1_24_08 10
2_7_14 9, 1
6_13_16 12, 4, 8, 16, 9, 1
5_17_14 8, 16, 4, 12, 9
7_10_02 4, 12, 16, 8, 1, 9, 13
4_15_02 5, 13, 1, 9
4_26_14 10, 2, 6, 14
8_20_06 4, 12, 16, 8, 5, 13, 1, 9
5_27_00 3, 11, 15, 7, 12
3_20_10 2, 10, 6
3_7_00 2, 10, 6
2_5_22 13, 5
5_2_04 3, 11, 15, 7, 16
4_9_10 8, 16, 4, 12
5_9_18 12, 4, 8, 16, 13
1_25_06 6
1_13_08 8
4_19_16 9, 1, 5, 13
2_26_00 15, 7
4_2_06 4, 12, 16, 8
2_11_08 7, 15
7_13_12 10, 2, 6, 14, 7, 15, 3
4_14_20 14, 6, 10, 2
6_5_02 3, 11, 15, 7, 4, 12
7_4_02 2, 10, 14, 6, 7, 15, 3
2_27_16 11, 3
8_8_02 3, 11, 15, 7, 4, 12, 16, 8
1_6_06 1
2_1_16 9, 1
4_27_18 12, 4, 8, 16
4_27_00 3, 11, 15, 7
5_8_20 12, 4, 8, 16, 1
7_11_00 3, 11, 15, 7, 12, 4, 8
3_16_22 11, 3, 15
8_13_18 13, 5, 9, 1, 10, 2, 6, 14
1_25_20 13
2_23_16 10, 2
4_6_14 9, 1, 5, 13
6_18_10 6, 14, 2, 10, 3, 11
1_11_08 15
1_16_10 13
4_21_02 3, 11, 15, 7
1_28_08 11
2_15_12 10, 2
7_28_08 7, 15, 3, 11, 12, 4, 8
1_27_04 13
8_28_00 3, 11, 15, 7, 4, 12, 16, 8
5_27_22 14, 6, 10, 2, 7
6_18_12 7, 15, 3, 11, 4, 12
8_22_22 13, 5, 9, 1, 14, 6, 10, 2
2_24_06 1, 9
5_13_12 10, 2, 6, 14, 7
1_1_02 2
6_11_16 11, 3, 7, 15, 12, 4
6_22_06 5, 13, 1, 9, 2, 10
3_2_12 3, 11, 15
2_25_04 5, 13
2_26_04 1, 9
7_6_06 5, 13, 1, 9, 2, 10, 14
5_15_04 6, 14, 2, 10, 11
2_31_14 11, 3
5_11_00 3, 11, 15, 7, 12
3_16_08 4, 12, 8
5_2_12 7, 15, 3, 11, 4
1_12_06 10
2_14_22 11, 3
4_30_00 4,12, 16, 8
7_25_14 10, 2, 6, 14, 11, 3, 7
1_23_06 13
8_24_02 3, 11, 15, 7, 4, 12, 16, 8
5_4_14 8, 16, 4, 12, 13
2_8_08 2, 10
6_4_02 2, 10, 14, 6, 15, 7
1_7_18 3
4_11_22 14, 6, 10, 2
1_27_00 11
1_4_16 13
5_13_22 15, 7, 11, 3, 12
3_1_18 10, 2, 6
4_23_14 9, 1, 5, 13
7_6_12 8, 16, 4, 12, 5, 13, 1
8_5_00 2, 10, 14, 6, 3, 11, 15, 7
3_10_08 3, 11, 15
7_6_12 8, 16, 4, 12, 5, 13, 1
5_11_18 12, 4, 8, 16, 5
1_17_02 2
7_2_10 6, 14, 2, 10, 3, 11, 15
5_28_06 6, 14, 2, 10, 11
3_5_04 4, 12, 16
7_2_06 4, 12, 16, 8, 1, 9, 13
4_4_04 3, 11, 15, 7
4_28_18 12, 4, 8, 16
2_28_14 6, 14
8_11_18 12, 4, 8, 16, 13, 5, 9, 1
8_19_12 7, 15, 3, 11, 8, 16, 4, 12
7_11_20 13, 5, 9, 1, 6, 14, 2
2_21_02 3, 11
7_30_00 4, 12, 16, 8, 13, 5, 9
2_25_06 6, 14
8_1_04 3, 11, 15, 7, 4, 12, 16, 8
2_7_02 3, 11
7_28_02 4, 12, 16, 8, 9, 1, 5
3_31_08 8, 16, 12
5_26_02 4, 12, 16, 8, 1
5_8_04 4, 12, 16, 8, 9
8_22_18 11, 3, 7, 15, 12, 4, 8, 16
4_2_00 1, 9, 13, 5
7_31_08 8, 16, 4, 12, 13, 5, 9
6_21_18 11, 3, 7, 15, 12, 4
1_21_14 9
4_31_18 13, 5, 9, 1
2_16_18 9, 1
4_25_06 6, 14, 2, 10
2_10_12 5, 13
7_3_08 5, 13, 1, 9, 14, 6, 10
2_22_18 7, 15
6_3_16 9, 1, 5, 13, 10, 2
1_28_06 10
1_19_20 3
5_3_02 2, 10, 14, 6, 11
3_10_16 7, 15, 3
6_26_18 12, 4, 8, 16, 9, 1
5_1_02 2, 10, 14, 6, 3
7_15_22 15, 7, 11, 3, 4, 12, 16
2_31_08 8, 16
7_30_02 5, 13, 1, 9, 14, 6, 10
7_20_10 6, 14, 2, 10, 11, 3, 7
7_13_06 7, 15, 3, 11, 4, 12, 16
5_26_14 10, 2, 6, 14, 7
7_22_06 5, 13, 1, 9, 2, 10, 14
3_20_20 7, 15, 11
8_12_12 9, 1, 5, 13, 10, 2, 6, 14
5_10_00 3, 11, 15, 7, 16
3_16_12 6, 14, 10
7_21_06 5, 13, 1, 9, 6, 14, 2
3_18_06 16, 8, 12
6_19_14 8, 16, 4, 12, 9, 1
8_14_08 8, 16, 4, 12, 5, 13, 1, 9
1_31_22 7
7_19_06 4, 12, 16, 8, 13, 5, 9
2_19_16 9, 1
7_16_22 15, 7, 11, 3, 16, 8, 12
7_16_18 13, 5, 9, 1, 14, 6, 10
2_18_16 5, 13
5_21_06 5, 13, 1, 9, 6
6_15_00 4, 12, 16, 8, 1, 9
7_17_20 11, 3, 7, 15, 12, 4, 8
6_20_14 8, 16, 4, 12, 5, 13
7_25_22 14, 6, 10, 2, 15, 7, 11
7_23_10 7, 15, 3, 11, 16, 8, 12
5_26_12 9, 1, 5, 13, 6
7_13_20 14, 6, 10, 2, 11, 3, 7
6_7_12 8, 16, 4, 12, 9, 1
8_12_04 5, 13, 1, 9, 6, 14, 2, 10
2_17_08 5, 13
2_25_20 13, 5
2_30_08 4, 12
6_28_22 14, 6, 10, 2, 11, 3
2_22_02 15, 7
6_17_10 6, 14, 2, 10, 7, 15
7_30_10 9, 1, 5, 13, 2, 10, 14
7_24_20 12, 4, 8, 16, 1, 9, 13
1_26_14 6
3_11_02 4, 12, 8
4_28_02 4, 12, 16, 8
5_31_16 12, 4, 8, 16, 1
2_8_16 6, 14
6_26_10 8, 16, 4, 12, 5, 13
7_9_14 10, 2, 6, 14, 11, 3, 7
7_18_16 9, 1, 5, 13, 6, 14, 2
4_25_06 6, 14, 2, 10
1_12_20 1
6_24_04 4, 12, 16, 8, 1, 9
5_7_00 2, 10, 14, 6, 11
3_21_14 9, 1, 5
3_20_06 16, 8, 4
3_11_06 6, 14, 10
8_8_14 9, 1, 5, 13, 10, 2, 6, 14
6_15_04 6, 14, 2, 10, 3, 11
8_9_10 8, 16, 4, 12, 9, 1, 5, 13
1_16_22 3
8_16_02 5, 13, 1, 9, 2, 10, 14, 6
6_12_04 5, 13, 1, 9, 2, 10
7_26_02 4, 12, 16, 8, 1, 9, 13
8_25_02 4, 12, 16, 8, 5, 13, 1, 9
1_22_10 3
1_10_08 3
1_15_14 3
1_21_10 7
4_26_10 8, 16, 4, 12
1_21_10 7
3_18_00 13, 5, 9
3_28_18 8, 16, 12
1_12_22 2
7_12_12 9, 1, 5, 13, 14, 6, 10
8_18_14 8, 16, 4, 12, 9, 1, 5, 13
4_30_06 7, 15, 3, 11
5_25_00 3, 11, 15, 7, 4
7_6_10 7, 15, 3, 11, 4, 12, 16
4_27_22 14, 6, 10, 2
1_10_08 3
7_31_06 7, 15, 3, 11, 12, 4, 8
3_3_18 10, 2, 14
3_27_00 3, 11, 7
3_24_14 5, 13, 9
1_22_04 16
3_6_00 14, 6, 10
2_13_02 5, 13
5_4_10 6, 14, 2, 10, 11
1_22_00 14
2_24_16 6, 14
1_10_22 10
2_15_10 9, 1
1_31_16 4
4_18_20 11, 3, 7, 15
8_15_20 14, 6, 10, 2, 11, 3, 7, 15
6_20_18 10, 2, 6, 14, 7, 15
8_25_10 8, 16, 4, 12, 9, 1, 5, 13
8_15_00 4, 12, 16, 8, 1, 9, 13, 5
4_13_12 10, 2, 6, 14
5_5_10 7, 15, 3, 11, 8
5_25_12 9, 1, 5, 13, 10
1_12_10 12
7_7_16 10, 2, 6, 14, 3, 11, 15
3_8_12 4, 12, 8
7_8_02 3, 11, 15, 7, 8, 16, 4
7_9_08 7, 15, 3, 11, 8, 16, 4
8_31_12 10, 2, 6, 14, 7, 15, 3, 11
4_20_14 8, 16, 4, 12
5_28_22 14, 6, 10, 2, 3
4_29_20 14, 6, 10, 2
8_5_00 2, 10, 14, 6, 3, 11, 15, 7
7_9_16 11, 3, 7, 15, 12, 4, 8
5_3_10 6, 14, 2, 10, 15
4_19_06 4, 12, 16, 8
6_20_12 7, 15, 3, 11, 4, 12
2_17_14 8, 16
8_27_10 8, 16, 4, 12, 9, 1, 5, 13
6_23_08 6, 14, 2, 10, 7, 15
5_30_20 14, 6, 10, 2, 7
4_24_16 10, 2, 6, 14
1_21_06 5
6_25_20 13, 5, 9, 1, 14, 6
6_22_00 2, 10, 14, 6, 15, 7
3_30_16 8, 16, 4
4_7_10 7, 15, 3, 11
7_25_00 3, 11, 15, 7, 4, 12, 16
8_27_10 8, 16, 4, 12, 9, 1, 5, 13
8_27_02 4, 12, 16, 8, 5, 13, 1, 9
6_11_04 5, 13, 1, 9, 6, 14
8_20_22 12, 4, 8, 16, 13, 5, 9, 1
4_31_00 4,12, 16, 8
8_15_12 10, 2, 6, 14, 7, 15, 3, 11
2_17_08 5, 13
6_24_10 7, 15, 3, 11, 4, 12
3_23_10 7, 15, 11
3_8_20 8, 16, 12
8_9_14 10, 2, 6, 14, 11, 3, 7, 15
3_7_04 4, 12, 8
7_28_10 8, 16, 4, 12, 13, 5, 9
6_15_08 8, 16, 4, 12, 5, 13
3_31_04 6, 14, 10
4_1_04 3, 11, 15, 7
4_28_10 8, 16, 4, 12
8_2_10 6, 14, 2, 10, 7, 15, 3, 11
6_6_20 12, 4, 8, 16, 9, 1
3_18_22 8, 16, 4
6_6_12 8, 16, 4, 12, 5, 13
5_8_06 5, 13, 1, 9, 10
3_8_22 9, 1, 13
1_26_12 5
3_6_12 4, 12, 16
7_22_18 11, 3, 7, 15, 8, 16, 4
3_22_10 3, 11, 15
3_27_02 4, 12, 8
8_5_12 8, 16, 4, 12, 9, 1, 5, 13
3_9_06 6, 14, 2
2_24_10 3, 11
7_9_18 12, 4, 8, 16, 13, 5, 9
5_30_06 7, 15, 3, 11, 16
7_2_14 8, 16, 4, 12, 5, 13, 1
8_18_18 10, 2, 6, 14, 11, 3, 7, 15
2_1_14 8, 16
4_1_16 9, 1, 5, 13
1_25_12 9
4_5_10 7, 15, 3, 11
2_15_06 7, 15
3_7_00 2, 10, 6
3_18_04 15, 7, 11
8_9_22 14, 6, 10, 2, 15, 7, 11, 3
2_31_20 14, 6
7_10_12 9, 1, 5, 13, 6, 14, 2
5_31_18 13, 5, 9, 1, 2
3_1_18 10, 2, 6
2_13_12 10, 2
6_14_18 13, 5, 9, 1, 6, 14
2_19_08 5, 13
8_13_18 13, 5, 9, 1, 10, 2, 6, 14
1_5_22 13
2_15_00 4,12
6_13_12 10, 2, 6, 14, 7, 15
4_3_00 1, 9, 13, 5
5_11_18 12, 4, 8, 16, 5
4_27_20 13, 5, 9, 1
7_14_06 7, 15, 3, 11, 16, 8, 12
8_2_08 5, 13, 1, 9, 6, 14, 2, 10
4_10_18 12, 4, 8, 16
4_11_14 10, 2, 6, 14
2_5_04 4, 12
6_15_14 11, 3, 7, 15, 8, 16
7_27_02 4, 12, 16, 8, 13, 5, 9
8_11_14 10, 2, 6, 14, 11, 3, 7, 15
2_11_20 13, 5
6_30_16 12, 4, 8, 16, 5, 13
3_5_16 10, 2, 6
1_9_02 4
3_23_06 5, 13, 9
5_31_16 12, 4, 8, 16, 1
2_24_00 14, 6
5_11_12 9, 1, 5, 13, 2
4_9_16 11, 3, 7, 15
7_6_12 8, 16, 4, 12, 5, 13, 1
3_5_12 8, 16, 4
4_22_02 3, 11, 15, 7
6_13_00 4, 12, 16, 8, 1, 9
4_23_20 12, 4, 8, 16
6_22_04 4, 12, 16, 8, 1, 9
4_22_22 13, 5, 9, 1
4_2_04 3, 11, 15, 7
3_19_08 5, 13, 9
1_28_16 15
8_24_08 6, 14, 2, 10, 7, 15, 3, 11
2_24_20 8, 16
5_3_16 9, 1, 5, 13, 2
4_31_04 6, 14, 2, 10
6_11_22 14, 6, 10, 2, 15, 7
3_11_04 5, 13, 9
3_29_12 10, 2, 6
3_13_00 4,12, 16
1_14_10 5
6_2_22 12, 4, 8, 16, 9, 1
7_20_00 1, 9, 13, 5, 6, 14, 2
4_22_00 2, 10, 14, 6
8_22_20 12, 4, 8, 16, 13, 5, 9, 1
6_6_20 12, 4, 8, 16, 9, 1
3_15_02 5, 13, 9
3_2_00 13, 5, 9
4_9_12 9, 1, 5, 13
5_25_00 3, 11, 15, 7, 4
6_24_00 2, 10, 14, 6, 15, 7
3_22_20 8, 16, 4
8_1_22 12, 4, 8, 16, 13, 5, 9, 1
6_27_20 13, 5, 9, 1, 14, 6
7_7_00 2, 10, 14, 6, 11, 3, 7
3_19_14 8, 16, 12
5_18_18 10, 2, 6, 14, 7
2_10_18 8, 16
3_12_04 1, 9, 5
8_18_06 4, 12, 16, 8, 5, 13, 1, 9
6_17_20 11, 3, 7, 15, 12, 4
3_4_20 7, 15, 11
6_19_04 3, 11, 15, 7, 4, 12
5_28_04 5, 13, 1, 9, 10
4_24_12 8, 16, 4, 12
5_24_10 7, 15, 3, 11, 12
8_15_20 14, 6, 10, 2, 11, 3, 7, 15
3_11_06 6, 14, 10
8_29_04 6, 14, 2, 10, 3, 11, 15, 7
5_17_08 5, 13, 1, 9, 6
6_14_00 4, 12, 16, 8, 13, 5
2_9_02 4, 12
8_24_20 12, 4, 8, 16, 13, 5, 9, 1
2_9_16 11, 3
6_13_04 6, 14, 2, 10, 3, 11
2_8_22 9, 1
8_17_04 3, 11, 15, 7, 4, 12, 16, 8
3_7_20 12, 4, 16
8_12_18 12, 4, 8, 16, 13, 5, 9, 1
6_7_02 3, 11, 15, 7, 4, 12
3_22_16 6, 14, 2
4_13_18 13, 5, 9, 1
6_3_14 8, 16, 4, 12, 9, 1
8_31_04 6, 14, 2, 10, 3, 11, 15, 7
1_8_08 10
4_6_10 7, 15, 3, 11
2_24_12 4, 12
8_12_14 10, 2, 6, 14, 11, 3, 7, 15
3_22_10 3, 11, 15
6_13_20 14, 6, 10, 2, 11, 3
4_26_18 12, 4, 8, 16
3_25_20 13, 5, 9
4_24_00 2, 10, 14, 6
1_29_04 6
8_13_14 11, 3, 7, 15, 8, 16, 4, 12
2_11_00 3, 11
3_23_02 3, 11, 7
4_12_10 8, 16, 4, 12
7_24_12 8, 16, 4, 12, 13, 5, 9
5_19_06 4, 12, 16, 8, 13
5_8_14 9, 1, 5, 13, 14
2_27_20 13, 5
8_20_00 1, 9, 13, 5, 2, 10, 14, 6
8_26_20 13, 5, 9, 1, 14, 6, 10, 2
1_31_08 16
4_5_02 3, 11, 15, 7
1_15_06 15
5_31_16 12, 4, 8, 16, 1
4_8_00 2, 10, 14, 6
7_30_04 6, 14, 2, 10, 15, 7, 11
2_31_22 15, 7
8_10_12 9, 1, 5, 13, 10, 2, 6, 14
1_7_10 15
3_4_20 7, 15, 11
8_31_04 6, 14, 2, 10, 3, 11, 15, 7
5_19_04 3, 11, 15, 7, 12
7_8_18 11, 3, 7, 15, 16, 8, 12
5_17_12 7, 15, 3, 11, 8
4_7_22 13, 5, 9, 1
7_13_22 15, 7, 11, 3, 12, 4, 8
8_27_06 6, 14, 2, 10, 7, 15, 3, 11
1_3_10 14
1_21_20 12
6_2_02 2, 10, 14, 6, 15, 7
8_27_10 8, 16, 4, 12, 9, 1, 5, 13
6_14_06 7, 15, 3, 11, 16, 8
8_6_00 2, 10, 14, 6, 3, 11, 15, 7
6_15_16 12, 4, 8, 16, 9, 1
6_2_20 11, 3, 7, 15, 8, 16
6_10_18 12, 4, 8, 16, 9, 1
7_21_00 2, 10, 14, 6, 3, 11, 15
5_3_10 6, 14, 2, 10, 15
6_5_22 13, 5, 9, 1, 14, 6
2_2_14 4, 12
3_30_12 6, 14, 2
7_10_18 12, 4, 8, 16, 9, 1, 5
5_23_22 13, 5, 9, 1, 6
8_1_08 5, 13, 1, 9, 6, 14, 2, 10
8_31_22 15, 7, 11, 3, 12, 4, 8, 16
4_12_14 10, 2, 6, 14
3_20_04 15, 7, 3
3_10_18 8, 16, 4
3_6_20 8, 16, 4
5_4_02 2, 10, 14, 6, 7
6_12_10 8, 16, 4, 12, 5, 13
3_20_18 6, 14, 10
7_31_00 4, 12, 16, 8, 9, 1, 5
4_4_04 3, 11, 15, 7
6_13_08 8, 16, 4, 12, 5, 13
1_12_22 2
6_29_16 12, 4, 8, 16, 9, 1
4_19_12 7, 15, 3, 11
5_8_18 11, 3, 7, 15, 16
4_7_10 7, 15, 3, 11
6_25_18 12, 4, 8, 16, 13, 5
8_28_20 13, 5, 9, 1, 14, 6, 10, 2
3_31_06 7, 15, 11
6_8_12 8, 16, 4, 12, 5, 13
6_3_02 2, 10, 14, 6, 3, 11
4_18_16 9, 1, 5, 13
1_20_16 13
5_3_10 6, 14, 2, 10, 15
7_16_02 5, 13, 1, 9, 6, 14, 2
8_13_20 14, 6, 10, 2, 11, 3, 7, 15
6_28_04 5, 13, 1, 9, 2, 10
8_3_02 2, 10, 14, 6, 3, 11, 15, 7
1_31_00 12
3_31_00 4,12, 8
3_17_20 11, 3, 7
6_4_22 12, 4, 8, 16, 9, 1
3_3_12 7, 15, 11
3_11_06 6, 14, 10
6_8_12 8, 16, 4, 12, 5, 13
3_22_02 15, 7, 11
7_8_08 6, 14, 2, 10, 11, 3, 7
2_5_16 10, 2
2_19_18 10, 2
3_19_02 2, 10, 6
5_12_12 9, 1, 5, 13, 14
8_26_12 9, 1, 5, 13, 10, 2, 6, 14
8_19_18 10, 2, 6, 14, 11, 3, 7, 15
2_27_12 9, 1
7_14_18 13, 5, 9, 1, 6, 14, 2
7_4_14 8, 16, 4, 12, 13, 5, 9
2_12_06 2, 10
8_13_16 12, 4, 8, 16, 9, 1, 5, 13
7_2_12 7, 15, 3, 11, 4, 12, 16
5_19_02 2, 10, 14, 6, 11
2_23_08 6, 14
2_2_20 7, 15
7_31_02 5, 13, 1, 9, 10, 2, 6
8_10_14 10, 2, 6, 14, 11, 3, 7, 15
6_13_00 4, 12, 16, 8, 1, 9
2_26_22 10, 2
7_16_14 11, 3, 7, 15, 12, 4, 8
3_4_16 5, 13, 9
8_14_16 12, 4, 8, 16, 9, 1, 5, 13
8_9_06 6, 14, 2, 10, 7, 15, 3, 11
4_12_02 4, 12, 16, 8
1_28_12 13
7_30_04 6, 14, 2, 10, 15, 7, 11
2_7_18 11, 3
7_28_06 6, 14, 2, 10, 11, 3, 7
8_5_06 5, 13, 1, 9, 6, 14, 2, 10
8_30_16 12, 4, 8, 16, 9, 1, 5, 13
5_6_16 10, 2, 6, 14, 7
3_5_16 10, 2, 6
1_18_02 14
4_18_08 5, 13, 1, 9
5_12_04 5, 13, 1, 9, 10
7_15_20 14, 6, 10, 2, 3, 11, 15
5_24_22 13, 5, 9, 1, 2
6_7_08 6, 14, 2, 10, 7, 15
7_10_20 13, 5, 9, 1, 10, 2, 6
2_24_12 4, 12
7_2_06 4, 12, 16, 8, 1, 9, 13
2_5_20 12, 4
7_24_14 9, 1, 5, 13, 14, 6, 10
7_12_08 7, 15, 3, 11, 12, 4, 8
2_18_14 4, 12
3_29_06 7, 15, 3
2_21_14 9, 1
3_7_20 12, 4, 16
4_13_10 9, 1, 5, 13
2_29_08 8, 16
4_31_12 10, 2, 6, 14
1_15_14 3
7_26_04 5, 13, 1, 9, 2, 10, 14
5_4_12 7, 15, 3, 11, 12
3_22_06 1, 9, 13
3_12_06 2, 10, 6
2_18_02 14, 6
8_6_20 12, 4, 8, 16, 13, 5, 9, 1
5_13_06 7, 15, 3, 11, 4
4_4_06 4, 12, 16, 8
3_10_08 3, 11, 15
2_21_10 7, 15
3_26_12 5, 13, 1
8_2_10 6, 14, 2, 10, 7, 15, 3, 11
1_14_20 10
7_22_02 3, 11, 15, 7, 16, 8, 12
2_10_04 1, 9
1_24_16 14
6_15_14 11, 3, 7, 15, 8, 16
5_26_22 14, 6, 10, 2, 11
2_31_08 8, 16
8_2_14 8, 16, 4, 12, 9, 1, 5, 13
2_31_06 7, 15
2_23_22 13, 5
7_25_08 7, 15, 3, 11, 8, 16, 4
3_15_04 6, 14, 10
5_17_14 8, 16, 4, 12, 9
3_1_06 4, 12, 16
1_2_18 6
4_30_16 12, 4, 8, 16
2_21_02 3, 11
6_15_22 15, 7, 11, 3, 12, 4
5_7_02 3, 11, 15, 7, 12
3_26_08 3, 11, 15
4_14_18 13, 5, 9, 1
6_19_18 10, 2, 6, 14, 11, 3
5_27_18 12, 4, 8, 16, 5
5_31_20 14, 6, 10, 2, 3
1_18_12 3
4_11_08 7, 15, 3, 11
1_23_00 10
8_3_16 9, 1, 5, 13, 10, 2, 6, 14
7_27_06 6, 14, 2, 10, 15, 7, 11
8_3_08 5, 13, 1, 9, 6, 14, 2, 10
1_26_00 15
6_15_14 11, 3, 7, 15, 8, 16
7_20_22 12, 4, 8, 16, 1, 9, 13
5_21_06 5, 13, 1, 9, 6
2_1_12 7, 15
1_12_14 14
7_5_00 2, 10, 14, 6, 3, 11, 15
2_13_02 5, 13
2_28_04 1, 9
6_2_20 11, 3, 7, 15, 8, 16
8_24_10 7, 15, 3, 11, 8, 16, 4, 12
3_27_02 4, 12, 8
1_21_02 3
3_9_02 4, 12, 16
4_26_22 14, 6, 10, 2
1_22_04 16
5_23_22 13, 5, 9, 1, 6
4_15_08 8, 16, 12
6_18_14 8, 16, 4, 12, 5, 13
6_3_14 8, 16, 4, 12, 9, 1
5_5_18 11, 3, 7, 15, 12
6_20_06 4, 12, 16, 8, 1, 9
4_15_18 13, 5, 9, 1
1_13_14 11
6_1_08 5, 13, 1, 9, 6, 14
1_22_12 4
8_8_06 5, 13, 1, 9, 6, 14, 2, 10
2_17_10 6, 14
6_23_10 7, 15, 3, 11, 8, 16
7_26_14 10, 2, 6, 14, 7, 15, 3
5_22_14 9, 1, 5, 13, 6
1_7_06 13
1_16_00 8
1_24_22 1
1_22_12 4
4_24_18 11, 3, 7, 15
3_11_00 3, 11, 7
3_4_04 15, 7, 3
5_1_22 12, 4, 8, 16, 13
6_31_20 14, 6, 10, 2, 11, 3
5_1_06 4, 12, 16, 8, 5
2_31_04 6, 14
8_26_16 11, 3, 7, 15, 12, 4, 8, 16
7_1_16 9, 1, 5, 13, 10, 2, 6
2_10_06 2, 10
8_29_10 9, 1, 5, 13, 6, 14, 2, 10
1_27_08 15
2_1_12 7, 15
1_18_10 2
3_25_10 8, 16, 4
6_10_14 10, 2, 6, 14, 7, 15
7_23_22 13, 5, 9, 1, 6, 14, 2
5_5_16 10, 2, 6, 14, 11
4_29_10 9, 1, 5, 13
2_16_22 11, 3
6_23_18 11, 3, 7, 15, 12, 4
4_19_02 2, 10, 14, 6
4_23_04 4, 12, 16, 8
6_20_12 7, 15, 3, 11, 4, 12
2_19_16 9, 1
5_9_20 13, 5, 9, 1, 14
7_27_16 11, 3, 7, 15, 4, 12, 16
3_20_20 7, 15, 11
4_25_20 13, 5, 9, 1
5_14_04 6, 14, 2, 10, 15
6_22_00 2, 10, 14, 6, 15, 7
8_22_14 9, 1, 5, 13, 10, 2, 6, 14
7_27_08 7, 15, 3, 11, 16, 8, 12
3_29_16 12, 4, 8
6_6_16 10, 2, 6, 14, 7, 15
5_18_16 9, 1, 5, 13, 6
3_3_20 11, 3, 15
8_11_00 3, 11, 15, 7, 4, 12, 16, 8
8_3_08 5, 13, 1, 9, 6, 14, 2, 10
1_25_04 5
1_12_06 10
8_27_16 11, 3, 7, 15, 12, 4, 8, 16
1_25_06 6
7_18_12 7, 15, 3, 11, 4, 12, 16
1_9_04 5
6_11_00 3, 11, 15, 7, 4, 12
3_30_00 16, 8, 12
8_15_02 5, 13, 1, 9, 2, 10, 14, 6
7_26_04 5, 13, 1, 9, 2, 10, 14
3_12_20 9, 1, 13
3_1_22 12, 4, 8
3_21_18 11, 3, 7
8_24_18 11, 3, 7, 15, 12, 4, 8, 16
2_26_22 10, 2
2_3_06 4, 12
2_22_12 4, 12
1_24_10 11
1_15_02 13
4_2_06 4, 12, 16, 8
7_31_04 6, 14, 2, 10, 11, 3, 7
8_14_04 6, 14, 2, 10, 3, 11, 15, 7
4_1_22 12, 4, 8, 16
5_31_22 15, 7, 11, 3, 4
6_14_18 13, 5, 9, 1, 6, 14
2_11_02 4, 12
7_2_12 7, 15, 3, 11, 4, 12, 16
5_31_04 6, 14, 2, 10, 11
4_10_10 8, 16, 4, 12
5_5_06 5, 13, 1, 9, 6
2_29_10 9, 1
5_4_16 9, 1, 5, 13, 14
5_15_14 11, 3, 7, 15, 16
7_11_08 7, 15, 3, 11, 16, 8, 12
6_13_20 14, 6, 10, 2, 11, 3
5_12_10 8, 16, 4, 12, 13
2_5_14 9, 1
2_15_12 10, 2
7_16_16 12, 4, 8, 16, 13, 5, 9
1_12_22 2
4_31_00 4,12, 16, 8
4_30_22 15, 7, 11, 3
2_1_20 11, 3
4_4_22 12, 4, 8, 16
3_2_12 3, 11, 15
1_14_08 4
7_28_16 11, 3, 7, 15, 16, 8, 12
6_12_08 7, 15, 3, 11, 4, 12
7_22_00 2, 10, 14, 6, 15, 7, 11
7_23_12 8, 16, 4, 12, 1, 9, 13
3_12_14 6, 14, 10
5_1_12 7, 15, 3, 11, 8
3_24_16 6, 14, 10
2_10_08 3, 11
5_25_12 9, 1, 5, 13, 10
6_4_02 2, 10, 14, 6, 15, 7
1_13_16 12
4_8_22 13, 5, 9, 1
7_30_18 13, 5, 9, 1, 6, 14, 2
8_23_20 12, 4, 8, 16, 13, 5, 9, 1
2_1_06 4, 12
1_29_20 14
2_2_16 5, 13
7_23_14 9, 1, 5, 13, 2, 10, 14
5_13_12 10, 2, 6, 14, 7
7_7_14 9, 1, 5, 13, 2, 10, 14
7_2_22 12, 4, 8, 16, 9, 1, 5
2_14_00 16, 8
4_7_16 10, 2, 6, 14
5_27_12 9, 1, 5, 13, 2
8_7_04 4, 12, 16, 8, 5, 13, 1, 9
6_3_16 9, 1, 5, 13, 10, 2
4_9_16 11, 3, 7, 15
8_14_18 13, 5, 9, 1, 10, 2, 6, 14
8_25_14 10, 2, 6, 14, 11, 3, 7, 15
1_16_20 2
8_29_06 7, 15, 3, 11, 4, 12, 16, 8
8_3_22 12, 4, 8, 16, 13, 5, 9, 1
6_15_12 10, 2, 6, 14, 7, 15
7_20_10 6, 14, 2, 10, 11, 3, 7
1_1_10 6
7_9_22 14, 6, 10, 2, 15, 7, 11
5_7_08 6, 14, 2, 10, 15
2_23_04 4, 12
8_25_16 11, 3, 7, 15, 12, 4, 8, 16
3_24_04 16, 8, 4
5_8_00 2, 10, 14, 6, 7
7_4_08 5, 13, 1, 9, 10, 2, 6
6_30_08 8, 16, 4, 12, 1, 9
6_16_16 12, 4, 8, 16, 5, 13
2_24_22 9, 1
4_28_12 9, 1, 5, 13
7_1_04 3, 11, 15, 7, 4, 12, 16
2_1_08 5, 13
6_25_14 10, 2, 6, 14, 11, 3
7_16_18 13, 5, 9, 1, 14, 6, 10
6_28_16 11, 3, 7, 15, 8, 16
3_24_10 3, 11, 7
3_1_00 1, 9, 13
1_18_00 13
3_19_22 12, 4, 16
4_22_10 7, 15, 3, 11
8_7_08 6, 14, 2, 10, 7, 15, 3, 11
1_30_04 2
6_4_10 6, 14, 2, 10, 3, 11
1_8_00 6
6_3_12 7, 15, 3, 11, 8, 16
8_8_06 5, 13, 1, 9, 6, 14, 2, 10
4_31_14 11, 3, 7, 15
3_29_02 5, 13, 1
2_18_12 3, 11
8_26_20 13, 5, 9, 1, 14, 6, 10, 2
7_5_10 7, 15, 3, 11, 8, 16, 4
2_19_22 12, 4
4_31_06 7, 15, 3, 11
3_21_10 7, 15, 3
3_14_10 5, 13, 1
6_11_06 6, 14, 2, 10, 7, 15
1_1_12 7
4_19_10 6, 14, 2, 10
4_22_02 3, 11, 15, 7
7_6_16 10, 2, 6, 14, 7, 15, 3
7_10_04 5, 13, 1, 9, 2, 10, 14
2_1_18 10, 2
1_17_02 2
5_3_22 12, 4, 8, 16, 5
3_18_10 2, 10, 14
7_4_18 10, 2, 6, 14, 15, 7, 11
2_30_22 11, 3
3_19_10 6, 14, 10
5_29_20 14, 6, 10, 2, 11
1_25_14 10
6_13_20 14, 6, 10, 2, 11, 3
3_8_06 1, 9, 5
8_15_04 6, 14, 2, 10, 3, 11, 15, 7
2_9_20 13, 5
3_27_02 4, 12, 8
3_19_18 10, 2, 14
5_30_22 15, 7, 11, 3, 8
4_15_12 10, 2, 6, 14
5_23_12 8, 16, 4, 12, 1
7_10_18 12, 4, 8, 16, 9, 1, 5
8_29_06 7, 15, 3, 11, 4, 12, 16, 8
3_12_06 2, 10, 6
4_4_22 12, 4, 8, 16
5_12_08 7, 15, 3, 11, 12
5_16_12 10, 2, 6, 14, 11
2_6_02 15, 7
8_22_06 5, 13, 1, 9, 6, 14, 2, 10
4_13_22 15, 7, 11, 3
5_12_22 14, 6, 10, 2, 3
2_5_20 12, 4
5_2_16 9, 1, 5, 13, 6
8_30_04 6, 14, 2, 10, 3, 11, 15, 7
7_18_22 12, 4, 8, 16, 9, 1, 5
3_20_22 8, 16, 12
4_15_04 6, 14, 2, 10
7_9_14 10, 2, 6, 14, 11, 3, 7
6_31_04 6, 14, 2, 10, 3, 11
1_28_02 8
7_10_20 13, 5, 9, 1, 10, 2, 6
5_3_12 7, 15, 3, 11, 16
7_25_04 5, 13, 1, 9, 6, 14, 2
2_23_20 12, 4
5_23_14 9, 1, 5, 13, 2
4_18_10 6, 14, 2, 10
8_5_08 6, 14, 2, 10, 7, 15, 3, 11
2_6_22 9, 1
1_11_06 14
7_18_10 6, 14, 2, 10, 3, 11, 15
8_6_12 8, 16, 4, 12, 9, 1, 5, 13
1_21_18 11
1_20_04 7
4_28_08 7, 15, 3, 11
8_21_12 8, 16, 4, 12, 9, 1, 5, 13
7_7_06 5, 13, 1, 9, 14, 6, 10
5_1_16 9, 1, 5, 13, 10
7_28_22 14, 6, 10, 2, 3, 11, 15
4_11_18 12, 4, 8, 16
8_10_10 8, 16, 4, 12, 9, 1, 5, 13
3_16_18 9, 1, 13
2_9_18 12, 4
3_21_18 11, 3, 7
7_19_20 11, 3, 7, 15, 4, 12, 16
3_3_04 3, 11, 7
1_10_16 7
5_17_02 2, 10, 14, 6, 3
5_23_18 11, 3, 7, 15, 4
2_24_14 5, 13
1_12_04 9
4_5_18 11, 3, 7, 15
7_19_14 8, 16, 4, 12, 1, 9, 13
1_27_20 5
1_17_08 5
3_31_22 15, 7, 3
1_25_20 13
6_2_12 7, 15, 3, 11, 4, 12
1_22_18 7
3_4_16 5, 13, 9
6_3_02 2, 10, 14, 6, 3, 11
2_25_10 8, 16
5_5_00 2, 10, 14, 6, 3
2_26_06 2, 10
8_9_14 10, 2, 6, 14, 11, 3, 7, 15
4_15_04 6, 14, 2, 10
1_11_18 4
6_19_08 5, 13, 1, 9, 6, 14
3_26_04 1, 9, 13
4_10_18 12, 4, 8, 16
7_20_02 2, 10, 14, 6, 7, 15, 3
2_15_16 12, 4
5_8_06 5, 13, 1, 9, 10
1_3_22 4
8_24_20 12, 4, 8, 16, 13, 5, 9, 1
7_14_22 15, 7, 11, 3, 8, 16, 4
8_1_06 4, 12, 16, 8, 5, 13, 1, 9
7_8_16 10, 2, 6, 14, 15, 7, 11
3_31_08 8, 16, 12
6_20_10 6, 14, 2, 10, 3, 11
8_25_18 12, 4, 8, 16, 13, 5, 9, 1
3_6_22 9, 1, 5
2_3_22 12, 4
8_9_04 5, 13, 1, 9, 6, 14, 2, 10
4_13_14 11, 3, 7, 15
3_18_08 1, 9, 13
6_7_18 11, 3, 7, 15, 12, 4
4_18_06 4, 12, 16, 8
7_3_20 11, 3, 7, 15, 4, 12, 16
2_5_06 5, 13
7_2_18 10, 2, 6, 14, 7, 15, 3
6_18_16 9, 1, 5, 13, 6, 14
6_23_02 3, 11, 15, 7, 4, 12
2_31_22 15, 7
2_1_00 1, 9
5_24_08 6, 14, 2, 10, 11
3_31_08 8, 16, 12
2_16_08 4, 12
1_12_08 11
5_22_18 11, 3, 7, 15, 8
8_5_00 2, 10, 14, 6, 3, 11, 15, 7
4_16_20 14, 6, 10, 2
3_27_02 4, 12, 8
1_25_10 8
5_11_00 3, 11, 15, 7, 12
1_30_16 8
1_23_22 5
2_17_10 6, 14
6_7_10 7, 15, 3, 11, 8, 16
2_28_04 1, 9
6_23_06 5, 13, 1, 9, 6, 14
2_5_12 8, 16
5_20_18 10, 2, 6, 14, 15
3_22_18 7, 15, 3
5_8_04 4, 12, 16, 8, 9
8_23_14 9, 1, 5, 13, 10, 2, 6, 14
6_19_06 4, 12, 16, 8, 5, 13
4_9_14 10, 2, 6, 14
8_11_08 7, 15, 3, 11, 8, 16, 4, 12
8_10_02 4, 12, 16, 8, 5, 13, 1, 9
6_5_18 11, 3, 7, 15, 12, 4
7_2_06 4, 12, 16, 8, 1, 9, 13
2_30_14 7, 15
7_23_16 10, 2, 6, 14, 3, 11, 15
4_14_08 8, 16, 4, 12
2_17_02 2, 10
6_2_10 6, 14, 2, 10, 3, 11
5_21_04 4, 12, 16, 8, 5
7_17_18 10, 2, 6, 14, 11, 3, 7
8_23_06 5, 13, 1, 9, 6, 14, 2, 10
6_30_22 15, 7, 11, 3, 8, 16
3_28_20 9, 1, 13
8_23_02 3, 11, 15, 7, 4, 12, 16, 8
3_27_08 7, 15, 11
6_4_20 11, 3, 7, 15, 8, 16
4_31_16 12, 4, 8, 16
6_30_00 4, 12, 16, 8, 13, 5
5_16_18 13, 5, 9, 1, 14
8_9_00 3, 11, 15, 7, 4, 12, 16, 8
3_27_16 11, 3, 15
8_8_14 9, 1, 5, 13, 10, 2, 6, 14
1_17_18 10
6_20_00 1, 9, 13, 5, 14, 6
4_6_00 2, 10, 14, 6
6_23_16 10, 2, 6, 14, 11, 3
5_6_16 10, 2, 6, 14, 7
1_27_16 3
8_26_08 7, 15, 3, 11, 8, 16, 4, 12
7_10_00 3, 11, 15, 7, 16, 8, 12
5_30_08 8, 16, 4, 12, 1
5_10_06 6, 14, 2, 10, 3
4_15_14 11, 3, 7, 15
4_21_18 11, 3, 7, 15
1_2_02 14
3_29_02 5, 13, 1
5_30_08 8, 16, 4, 12, 1
3_26_22 10, 2, 6
5_28_20 13, 5, 9, 1, 2
8_4_14 8, 16, 4, 12, 9, 1, 5, 13
2_10_10 4, 12
4_4_20 11, 3, 7, 15
4_30_22 15, 7, 11, 3
4_8_02 3, 11, 15, 7
3_21_22 13, 5, 9
7_26_14 10, 2, 6, 14, 7, 15, 3
8_15_12 10, 2, 6, 14, 7, 15, 3, 11
6_5_02 3, 11, 15, 7, 4, 12
2_31_16 12, 4
5_1_14 8, 16, 4, 12, 9
8_12_16 11, 3, 7, 15, 12, 4, 8, 16
8_31_08 8, 16, 4, 12, 5, 13, 1, 9
5_15_16 12, 4, 8, 16, 1
1_15_06 15
6_14_12 10, 2, 6, 14, 3, 11
8_26_08 7, 15, 3, 11, 8, 16, 4, 12
4_17_14 8, 16, 4, 12
4_12_06 6, 14, 2, 10
4_24_16 10, 2, 6, 14
6_25_06 6, 14, 2, 10, 7, 15
6_22_04 4, 12, 16, 8, 1, 9
3_20_18 6, 14, 10
8_21_08 6, 14, 2, 10, 7, 15, 3, 11
6_8_12 8, 16, 4, 12, 5, 13
3_25_12 9, 1, 5
1_8_12 12
8_14_22 15, 7, 11, 3, 12, 4, 8, 16
2_17_08 5, 13
8_20_14 8, 16, 4, 12, 9, 1, 5, 13
7_14_06 7, 15, 3, 11, 16, 8, 12
2_19_04 3, 11
4_29_22 15, 7, 11, 3
5_31_12 10, 2, 6, 14, 15
6_17_22 12, 4, 8, 16, 13, 5
7_13_20 14, 6, 10, 2, 11, 3, 7
7_31_08 8, 16, 4, 12, 13, 5, 9
3_20_16 5, 13, 9
3_2_10 2, 10, 14
8_1_22 12, 4, 8, 16, 13, 5, 9, 1
5_6_08 6, 14, 2, 10, 3
6_29_00 4, 12, 16, 8, 1, 9
1_15_16 4
3_21_04 4, 12, 16
1_4_14 12
6_30_10 9, 1, 5, 13, 2, 10
8_11_08 7, 15, 3, 11, 8, 16, 4, 12
7_25_10 8, 16, 4, 12, 9, 1, 5
2_28_04 1, 9
7_13_14 11, 3, 7, 15, 8, 16, 4
3_30_06 3, 11, 15
7_12_14 10, 2, 6, 14, 15, 7, 11
6_12_06 6, 14, 2, 10, 3, 11
7_17_00 1, 9, 13, 5, 2, 10, 14
2_27_04 5, 13
4_2_16 9, 1, 5, 13
1_20_14 12
8_13_12 10, 2, 6, 14, 7, 15, 3, 11
8_14_08 8, 16, 4, 12, 5, 13, 1, 9
1_5_08 6
4_26_12 9, 1, 5, 13
6_10_16 11, 3, 7, 15, 8, 16
6_15_16 12, 4, 8, 16, 9, 1
3_28_08 3, 11, 7
4_16_20 14, 6, 10, 2
8_27_10 8, 16, 4, 12, 9, 1, 5, 13
2_6_16 6, 14
3_27_00 3, 11, 7
4_22_18 11, 3, 7, 15
7_25_16 11, 3, 7, 15, 12, 4, 8
2_9_18 12, 4
5_4_00 1, 9, 13, 5, 6
1_6_16 6
1_14_08 4
3_1_02 2, 10, 14
6_23_06 5, 13, 1, 9, 6, 14
6_4_00 1, 9, 13, 5, 14, 6
6_26_22 14, 6, 10, 2, 11, 3
7_28_16 11, 3, 7, 15, 16, 8, 12
6_27_04 5, 13, 1, 9, 6, 14
8_24_06 5, 13, 1, 9, 6, 14, 2, 10
4_20_10 6, 14, 2, 10
1_21_16 10
5_30_00 4, 12, 16, 8, 13
6_2_14 8, 16, 4, 12, 5, 13
2_20_04 15, 7
6_29_08 8, 16, 4, 12, 5, 13
2_14_06 3, 11
8_26_14 10, 2, 6, 14, 11, 3, 7, 15
1_2_12 3
5_2_00 1, 9, 13, 5, 14
4_4_12 7, 15, 3, 11
7_27_06 6, 14, 2, 10, 15, 7, 11
1_26_18 8
4_4_00 1, 9, 13, 5
2_19_20 11, 3
1_21_14 9
3_4_16 5, 13, 9
1_8_22 1
5_20_20 11, 3, 7, 15, 16
1_1_00 1
3_15_18 13, 5, 1
1_22_02 15
1_22_22 9
8_21_14 9, 1, 5, 13, 10, 2, 6, 14
8_24_02 3, 11, 15, 7, 4, 12, 16, 8
1_16_00 8
1_1_12 7
7_19_14 8, 16, 4, 12, 1, 9, 13
1_6_12 4
8_23_10 7, 15, 3, 11, 8, 16, 4, 12
6_10_02 4, 12, 16, 8, 1, 9
4_4_22 12, 4, 8, 16
8_22_22 13, 5, 9, 1, 14, 6, 10, 2
5_15_22 15, 7, 11, 3, 4
6_29_12 10, 2, 6, 14, 7, 15
8_7_10 7, 15, 3, 11, 8, 16, 4, 12
5_9_14 10, 2, 6, 14, 11
3_9_22 14, 6, 10
6_29_02 5, 13, 1, 9, 2, 10
6_27_18 12, 4, 8, 16, 13, 5
8_10_06 6, 14, 2, 10, 7, 15, 3, 11
5_12_16 11, 3, 7, 15, 16
3_20_14 4, 12, 8
4_20_14 8, 16, 4, 12
6_20_18 10, 2, 6, 14, 7, 15
3_31_14 11, 3, 15
7_28_06 6, 14, 2, 10, 11, 3, 7
4_13_12 10, 2, 6, 14
7_11_14 10, 2, 6, 14, 3, 11, 15
4_19_20 11, 3, 7, 15
8_27_00 3, 11, 15, 7, 4, 12, 16, 8
7_10_00 3, 11, 15, 7, 16, 8, 12
3_21_16 10, 2, 6
6_25_06 6, 14, 2, 10, 7, 15
2_18_00 13, 5
8_19_00 1, 9, 13, 5, 2, 10, 14, 6
3_23_10 7, 15, 11
1_20_16 13
6_23_12 8, 16, 4, 12, 9, 1
4_14_22 15, 7, 11, 3
4_21_16 10, 2, 6, 14
1_13_18 13
7_27_02 4, 12, 16, 8, 13, 5, 9
4_27_20 13, 5, 9, 1
7_11_02 4, 12, 16, 8, 13, 5, 9
6_2_14 8, 16, 4, 12, 5, 13
5_22_08 6, 14, 2, 10, 3
5_25_18 12, 4, 8, 16, 13
5_18_16 9, 1, 5, 13, 6
6_11_06 6, 14, 2, 10, 7, 15
3_18_02 14, 6, 10
2_30_12 6, 14
4_26_12 9, 1, 5, 13
1_23_16 2
3_25_14 10, 2, 6
3_23_10 7, 15, 11
3_5_00 2, 10, 14
1_14_04 2
4_11_14 10, 2, 6, 14
7_23_04 4, 12, 16, 8, 13, 5, 9
5_2_20 11, 3, 7, 15, 8
1_31_00 12
8_24_18 11, 3, 7, 15, 12, 4, 8, 16
5_30_18 13, 5, 9, 1, 6
4_25_22 14, 6, 10, 2
6_13_12 10, 2, 6, 14, 7, 15
5_29_04 6, 14, 2, 10, 3
8_10_00 3, 11, 15, 7, 4, 12, 16, 8
7_17_10 6, 14, 2, 10, 7, 15, 3
8_22_20 12, 4, 8, 16, 13, 5, 9, 1
6_28_06 6, 14, 2, 10, 3, 11
8_15_12 10, 2, 6, 14, 7, 15, 3, 11
2_6_16 6, 14
8_26_10 8, 16, 4, 12, 9, 1, 5, 13
4_24_08 6, 14, 2, 10
4_2_20 11, 3, 7, 15
1_28_00 7
4_23_20 12, 4, 8, 16
3_19_02 2, 10, 6
7_9_16 11, 3, 7, 15, 12, 4, 8
8_23_04 4, 12, 16, 8, 5, 13, 1, 9
3_23_14 9, 1, 13
8_31_16 12, 4, 8, 16, 9, 1, 5, 13
6_9_06 6, 14, 2, 10, 7, 15
2_17_08 5, 13
2_27_20 13, 5
2_6_16 6, 14
8_12_04 5, 13, 1, 9, 6, 14, 2, 10
8_27_14 10, 2, 6, 14, 11, 3, 7, 15
7_6_14 9, 1, 5, 13, 6, 14, 2
5_7_22 13, 5, 9, 1, 6
3_5_20 12, 4, 8
3_19_10 6, 14, 10
6_4_10 6, 14, 2, 10, 3, 11
1_6_04 16
5_9_08 7, 15, 3, 11, 8
2_3_12 7, 15
3_3_00 1, 9, 5
8_2_00 1, 9, 13, 5, 2, 10, 14, 6
5_17_04 3, 11, 15, 7, 4
5_11_16 11, 3, 7, 15, 4
8_10_16 11, 3, 7, 15, 12, 4, 8, 16
5_22_10 7, 15, 3, 11, 4
6_1_12 7, 15, 3, 11, 8, 16
1_13_22 15
8_12_02 4, 12, 16, 8, 5, 13, 1, 9
1_6_06 1
5_4_08 5, 13, 1, 9, 10
7_20_02 2, 10, 14, 6, 7, 15, 3
6_18_16 9, 1, 5, 13, 6, 14
5_9_18 12, 4, 8, 16, 13
8_5_02 3, 11, 15, 7, 4, 12, 16, 8
2_26_14 6, 14
6_26_00 3, 11, 15, 7, 16, 8
5_24_00 2, 10, 14, 6, 7
7_2_10 6, 14, 2, 10, 3, 11, 15
4_5_12 8, 16, 4, 12
4_20_10 6, 14, 2, 10
6_3_02 2, 10, 14, 6, 3, 11
5_23_08 6, 14, 2, 10, 15
8_30_12 10, 2, 6, 14, 7, 15, 3, 11
3_29_02 5, 13, 1
8_25_08 7, 15, 3, 11, 8, 16, 4, 12
1_5_04 4
3_21_18 11, 3, 7
7_7_20 12, 4, 8, 16, 5, 13, 1
2_3_20 11, 3
8_26_02 4, 12, 16, 8, 5, 13, 1, 9
6_3_02 2, 10, 14, 6, 3, 11
4_16_02 5, 13, 1, 9
4_25_08 7, 15, 3, 11
1_9_14 10
6_6_02 3, 11, 15, 7, 16, 8
8_29_00 4, 12, 16, 8, 1, 9, 13, 5
4_20_14 8, 16, 4, 12
3_23_22 13, 5, 1
3_5_10 7, 15, 3
2_2_16 5, 13
3_14_20 10, 2, 6
4_12_20 13, 5, 9, 1
2_28_10 4, 12
3_20_22 8, 16, 12
7_31_14 11, 3, 7, 15, 16, 8, 12
5_30_10 9, 1, 5, 13, 2
2_6_06 1, 9
2_14_08 4, 12
2_4_04 15, 7
1_8_16 14
2_4_10 2, 10
3_10_20 9, 1, 5
4_23_18 11, 3, 7, 15
1_16_04 10
2_8_10 3, 11
8_19_04 3, 11, 15, 7, 4, 12, 16, 8
5_25_18 12, 4, 8, 16, 13
7_26_20 13, 5, 9, 1, 10, 2, 6
7_4_12 7, 15, 3, 11, 12, 4, 8
6_17_08 5, 13, 1, 9, 6, 14
4_19_18 10, 2, 6, 14
5_19_10 6, 14, 2, 10, 15
6_9_14 10, 2, 6, 14, 11, 3
8_7_02 3, 11, 15, 7, 4, 12, 16, 8
8_15_02 5, 13, 1, 9, 2, 10, 14, 6
7_10_18 12, 4, 8, 16, 9, 1, 5
1_1_18 10
1_2_14 4
5_25_20 13, 5, 9, 1, 14
2_21_02 3, 11
2_17_10 6, 14
5_23_10 7, 15, 3, 11, 16
3_8_22 9, 1, 13
6_2_12 7, 15, 3, 11, 4, 12
3_26_06 2, 10, 14
8_15_22 15, 7, 11, 3, 12, 4, 8, 16
6_31_18 13, 5, 9, 1, 10, 2
4_30_12 10, 2, 6, 14
3_9_18 12, 4, 8
6_4_14 8, 16, 4, 12, 5, 13
6_6_04 4, 12, 16, 8, 1, 9
3_4_00 13, 5, 1
1_8_12 12
4_1_02 2, 10, 14, 6
4_14_08 8, 16, 4, 12
1_18_06 16
5_11_22 14, 6, 10, 2, 7
8_14_04 6, 14, 2, 10, 3, 11, 15, 7
1_30_06 3
8_30_00 4, 12, 16, 8, 1, 9, 13, 5
1_21_20 12
8_25_08 7, 15, 3, 11, 8, 16, 4, 12
7_6_16 10, 2, 6, 14, 7, 15, 3
3_21_10 7, 15, 3
6_4_18 10, 2, 6, 14, 7, 15
6_30_16 12, 4, 8, 16, 5, 13
5_12_22 14, 6, 10, 2, 3
8_27_14 10, 2, 6, 14, 11, 3, 7, 15
3_3_20 11, 3, 15
5_4_20 11, 3, 7, 15, 16
6_2_14 8, 16, 4, 12, 5, 13
8_29_04 6, 14, 2, 10, 3, 11, 15, 7
2_7_06 5, 13
2_27_14 10, 2
2_2_20 7, 15
1_14_06 3
6_11_16 11, 3, 7, 15, 12, 4
1_3_10 14
3_6_14 5, 13, 1
7_4_14 8, 16, 4, 12, 13, 5, 9
5_4_18 10, 2, 6, 14, 15
6_7_00 2, 10, 14, 6, 3, 11
5_6_12 8, 16, 4, 12, 5
4_27_22 14, 6, 10, 2
5_4_06 4, 12, 16, 8, 9
6_3_18 10, 2, 6, 14, 11, 3
3_31_16 12, 4, 16
1_9_06 6
4_13_08 8, 16, 4, 12
6_7_02 3, 11, 15, 7, 4, 12
3_20_02 14, 6, 2
2_29_18 13, 5
3_11_00 3, 11, 7
1_12_10 12
5_4_00 1, 9, 13, 5, 6
5_4_16 9, 1, 5, 13, 14
2_30_22 11, 3
1_8_12 12
1_5_10 7
6_30_02 5, 13, 1, 9, 14, 6
1_9_10 8
8_15_18 13, 5, 9, 1, 10, 2, 6, 14
1_2_16 5
4_17_16 9, 1, 5, 13
6_4_10 6, 14, 2, 10, 3, 11
6_8_22 13, 5, 9, 1, 10, 2
6_6_08 6, 14, 2, 10, 3, 11
8_21_04 4, 12, 16, 8, 5, 13, 1, 9
2_7_08 6, 14
7_13_14 11, 3, 7, 15, 8, 16, 4
5_23_06 5, 13, 1, 9, 14
2_17_10 6, 14
4_24_00 2, 10, 14, 6
7_24_10 7, 15, 3, 11, 12, 4, 8
4_21_14 9, 1, 5, 13
5_28_04 5, 13, 1, 9, 10
7_3_14 8, 16, 4, 12, 1, 9, 13
6_8_00 2, 10, 14, 6, 15, 7
8_28_00 3, 11, 15, 7, 4, 12, 16, 8
2_20_20 7, 15
7_30_12 10, 2, 6, 14, 3, 11, 15
8_30_22 15, 7, 11, 3, 12, 4, 8, 16
3_4_14 4, 12, 8
7_31_00 4, 12, 16, 8, 9, 1, 5
8_10_14 10, 2, 6, 14, 11, 3, 7, 15
7_11_12 9, 1, 5, 13, 2, 10, 14
5_22_14 9, 1, 5, 13, 6
1_14_20 10
3_3_04 3, 11, 7
6_17_02 2, 10, 14, 6, 3, 11
8_14_02 5, 13, 1, 9, 2, 10, 14, 6
8_6_18 11, 3, 7, 15, 12, 4, 8, 16
8_21_06 5, 13, 1, 9, 6, 14, 2, 10
2_23_14 9, 1
7_11_22 14, 6, 10, 2, 7, 15, 3
3_29_08 8, 16, 4
6_31_10 9, 1, 5, 13, 6, 14
5_21_02 3, 11, 15, 7, 4
7_8_08 6, 14, 2, 10, 11, 3, 7
5_10_14 10, 2, 6, 14, 7
5_12_16 11, 3, 7, 15, 16
5_10_10 8, 16, 4, 12, 5
8_13_06 7, 15, 3, 11, 4, 12, 16, 8
3_17_00 1, 9, 13
6_14_00 4, 12, 16, 8, 13, 5
4_7_20 12, 4, 8, 16
8_18_04 3, 11, 15, 7, 4, 12, 16, 8
3_17_08 5, 13, 1
4_2_04 3, 11, 15, 7
6_13_04 6, 14, 2, 10, 3, 11
4_12_16 11, 3, 7, 15
3_11_18 12, 4, 16
3_27_06 6, 14, 10
4_28_02 4, 12, 16, 8
8_22_12 8, 16, 4, 12, 9, 1, 5, 13
3_12_16 7, 15, 11
8_14_10 9, 1, 5, 13, 6, 14, 2, 10
4_13_12 10, 2, 6, 14
7_21_14 9, 1, 5, 13, 10, 2, 6
5_3_02 2, 10, 14, 6, 11
2_13_12 10, 2
1_7_18 3
1_31_18 5
3_30_20 10, 2, 6
2_7_16 10, 2
2_24_18 7, 15
7_11_18 12, 4, 8, 16, 5, 13, 1
4_9_08 7, 15, 3, 11
6_14_02 5, 13, 1, 9, 14, 6
3_7_08 6, 14, 10
2_30_02 1, 9
1_11_02 12
5_9_12 9, 1, 5, 13, 10
5_23_08 6, 14, 2, 10, 15
4_31_16 12, 4, 8, 16
8_10_22 14, 6, 10, 2, 15, 7, 11, 3
6_10_00 3, 11, 15, 7, 16, 8
6_11_18 12, 4, 8, 16, 13, 5
1_7_20 4
5_24_10 7, 15, 3, 11, 12
2_13_22 15, 7
7_31_06 7, 15, 3, 11, 12, 4, 8
3_23_18 11, 3, 15
2_3_20 11, 3
4_18_02 2, 10, 14, 6
2_13_12 10, 2
1_3_14 16
1_13_14 11
8_24_00 2, 10, 14, 6, 3, 11, 15, 7
1_2_16 5
8_17_16 9, 1, 5, 13, 10, 2, 6, 14
1_5_14 9
7_3_16 9, 1, 5, 13, 2, 10, 14
2_18_10 2, 10
7_3_10 6, 14, 2, 10, 15, 7, 11
2_17_20 11, 3
1_19_16 1
8_26_16 11, 3, 7, 15, 12, 4, 8, 16
6_8_04 4, 12, 16, 8, 1, 9
3_14_16 8, 16, 4
6_17_06 4, 12, 16, 8, 5, 13
3_6_06 1, 9, 13
8_25_08 7, 15, 3, 11, 8, 16, 4, 12
1_25_12 9
1_31_14 3
1_27_14 2
6_22_10 7, 15, 3, 11, 4, 12
8_24_00 2, 10, 14, 6, 3, 11, 15, 7
8_13_20 14, 6, 10, 2, 11, 3, 7, 15
7_14_06 7, 15, 3, 11, 16, 8, 12
8_2_18 10, 2, 6, 14, 11, 3, 7, 15
6_18_10 6, 14, 2, 10, 3, 11
2_26_02 16, 8
8_30_02 5, 13, 1, 9, 2, 10, 14, 6
4_18_14 8, 16, 4, 12
5_6_04 4, 12, 16, 8, 1
8_8_04 4, 12, 16, 8, 5, 13, 1, 9
3_8_22 9, 1, 13
1_11_22 6
4_3_04 3, 11, 15, 7
4_4_04 3, 11, 15, 7
1_27_10 16
6_28_14 10, 2, 6, 14, 7, 15
6_12_08 7, 15, 3, 11, 4, 12
6_15_20 14, 6, 10, 2, 11, 3
8_1_04 3, 11, 15, 7, 4, 12, 16, 8
4_3_18 10, 2, 6, 14
3_13_00 4,12, 16
5_16_16 12, 4, 8, 16, 13
5_25_04 5, 13, 1, 9, 6
5_11_16 11, 3, 7, 15, 4
1_15_14 3
7_17_12 7, 15, 3, 11, 8, 16, 4
4_31_02 5, 13, 1, 9
1_20_02 6
1_6_18 7
6_29_22 15, 7, 11, 3, 12, 4
6_23_08 6, 14, 2, 10, 7, 15
6_17_14 8, 16, 4, 12, 9, 1
8_18_00 1, 9, 13, 5, 2, 10, 14, 6
5_4_06 4, 12, 16, 8, 9
1_14_20 10
3_3_12 7, 15, 11
6_7_04 4, 12, 16, 8, 5, 13
4_28_10 8, 16, 4, 12
6_29_10 9, 1, 5, 13, 6, 14
6_2_04 3, 11, 15, 7, 16, 8
8_22_20 12, 4, 8, 16, 13, 5, 9, 1
8_19_02 2, 10, 14, 6, 3, 11, 15, 7
7_26_18 12, 4, 8, 16, 9, 1, 5
6_4_14 8, 16, 4, 12, 5, 13
8_29_14 11, 3, 7, 15, 8, 16, 4, 12
2_5_14 9, 1
3_25_02 4, 12, 16
5_3_04 3, 11, 15, 7, 12
7_26_08 7, 15, 3, 11, 4, 12, 16
7_5_04 4, 12, 16, 8, 5, 13, 1
6_14_18 13, 5, 9, 1, 6, 14
1_23_04 12
2_13_20 14, 6
5_30_14 11, 3, 7, 15, 4
7_8_16 10, 2, 6, 14, 15, 7, 11
8_1_00 1, 9, 13, 5, 2, 10, 14, 6
7_3_04 3, 11, 15, 7, 12, 4, 8
4_15_22 15, 7, 11, 3
4_15_20 14, 6, 10, 2
6_14_08 8, 16, 4, 12, 1, 9
1_17_16 9
8_3_12 7, 15, 3, 11, 8, 16, 4, 12
7_30_06 7, 15, 3, 11, 16, 8, 12
6_14_22 15, 7, 11, 3, 8, 16
2_30_00 16, 8
1_26_02 16
7_1_04 3, 11, 15, 7, 4, 12, 16
6_13_20 14, 6, 10, 2, 11, 3
1_8_04 8
4_6_08 6, 14, 2, 10
8_5_12 8, 16, 4, 12, 9, 1, 5, 13
5_11_18 12, 4, 8, 16, 5
7_15_22 15, 7, 11, 3, 4, 12, 16
2_26_20 9, 1
6_14_06 7, 15, 3, 11, 16, 8
8_1_06 4, 12, 16, 8, 5, 13, 1, 9
7_9_06 6, 14, 2, 10, 7, 15, 3
8_7_04 4, 12, 16, 8, 5, 13, 1, 9
4_2_14 8, 16, 4, 12
2_27_02 4, 12
4_13_20 14, 6, 10, 2
7_6_22 13, 5, 9, 1, 10, 2, 6
5_30_22 15, 7, 11, 3, 8
5_27_20 13, 5, 9, 1, 6
8_29_12 10, 2, 6, 14, 7, 15, 3, 11
2_29_14 11, 3
2_27_12 9, 1
6_13_14 11, 3, 7, 15, 8, 16
3_6_22 9, 1, 5
8_20_08 5, 13, 1, 9, 6, 14, 2, 10
2_5_06 5, 13
1_29_18 13
3_31_08 8, 16, 12
5_8_06 5, 13, 1, 9, 10
4_3_18 10, 2, 6, 14
3_1_22 12, 4, 8
4_18_00 1, 9, 13, 5
3_27_00 3, 11, 7
4_25_04 5, 13, 1, 9
8_3_20 11, 3, 7, 15, 12, 4, 8, 16
5_17_12 7, 15, 3, 11, 8
8_8_18 11, 3, 7, 15, 12, 4, 8, 16
3_8_06 1, 9, 5
3_31_04 6, 14, 10
8_2_20 11, 3, 7, 15, 12, 4, 8, 16
3_13_04 6, 14, 2
2_1_22 12, 4
6_26_04 5, 13, 1, 9, 2, 10
4_15_08 8, 16, 12
1_26_02 16
8_12_00 3, 11, 15, 7, 4, 12, 16, 8
7_10_00 3, 11, 15, 7, 16, 8, 12
4_29_00 4,12, 16, 8
8_13_08 8, 16, 4, 12, 5, 13, 1, 9
1_22_04 16
1_14_10 5
4_28_14 10, 2, 6, 14
2_12_06 2, 10
4_12_10 8, 16, 4, 12
3_10_08 3, 11, 15
5_4_06 4, 12, 16, 8, 9
2_15_04 6, 14
8_9_00 3, 11, 15, 7, 4, 12, 16, 8
3_6_22 9, 1, 5
8_19_20 11, 3, 7, 15, 12, 4, 8, 16
5_30_06 7, 15, 3, 11, 16
7_25_12 9, 1, 5, 13, 10, 2, 6
8_16_08 8, 16, 4, 12, 5, 13, 1, 9
3_21_06 5, 13, 1
8_26_18 12, 4, 8, 16, 13, 5, 9, 1
6_13_18 13, 5, 9, 1, 10, 2
7_23_02 3, 11, 15, 7, 12, 4, 8
2_2_22 8, 16
4_14_06 7, 15, 3, 11
4_29_10 9, 1, 5, 13
4_25_10 8, 16, 4, 12
1_11_14 2
3_15_10 9, 1, 13
8_25_14 10, 2, 6, 14, 11, 3, 7, 15
7_13_12 10, 2, 6, 14, 7, 15, 3
5_25_06 6, 14, 2, 10, 7
6_15_06 7, 15, 3, 11, 4, 12
2_5_18 11, 3
8_8_16 10, 2, 6, 14, 11, 3, 7, 15
3_26_04 1, 9, 13
8_22_04 4, 12, 16, 8, 5, 13, 1, 9
2_31_08 8, 16
8_18_08 5, 13, 1, 9, 6, 14, 2, 10
2_14_00 16, 8
2_11_20 13, 5
6_1_00 1, 9, 13, 5, 2, 10
1_25_10 8
7_23_08 6, 14, 2, 10, 15, 7, 11
2_18_04 15, 7
6_2_14 8, 16, 4, 12, 5, 13
6_4_02 2, 10, 14, 6, 15, 7
4_10_18 12, 4, 8, 16
1_16_08 12
3_12_06 2, 10, 6
7_27_20 13, 5, 9, 1, 6, 14, 2
5_20_02 2, 10, 14, 6, 7
5_21_00 2, 10, 14, 6, 3
2_7_08 6, 14
7_23_02 3, 11, 15, 7, 12, 4, 8
6_6_12 8, 16, 4, 12, 5, 13
5_7_14 9, 1, 5, 13, 2
1_11_16 3
1_21_08 6
8_21_16 10, 2, 6, 14, 11, 3, 7, 15
6_29_18 13, 5, 9, 1, 10, 2
2_7_06 5, 13
8_8_00 2, 10, 14, 6, 3, 11, 15, 7
8_25_14 10, 2, 6, 14, 11, 3, 7, 15
3_28_20 9, 1, 13
3_30_10 5, 13, 1
6_4_20 11, 3, 7, 15, 8, 16
7_23_00 2, 10, 14, 6, 11, 3, 7
7_21_06 5, 13, 1, 9, 6, 14, 2
1_8_20 16
3_5_12 8, 16, 4
8_4_18 10, 2, 6, 14, 11, 3, 7, 15
5_22_12 8, 16, 4, 12, 5
8_13_18 13, 5, 9, 1, 10, 2, 6, 14
3_8_10 3, 11, 7
3_16_10 5, 13, 9
6_10_16 11, 3, 7, 15, 8, 16
5_1_22 12, 4, 8, 16, 13
5_29_10 9, 1, 5, 13, 6
8_10_06 6, 14, 2, 10, 7, 15, 3, 11
1_28_04 9
8_23_10 7, 15, 3, 11, 8, 16, 4, 12
5_29_14 11, 3, 7, 15, 8
1_23_10 15
5_22_04 4, 12, 16, 8, 1
8_18_00 1, 9, 13, 5, 2, 10, 14, 6
5_1_20 11, 3, 7, 15, 12
5_7_18 11, 3, 7, 15, 4
2_8_02 15, 7
7_21_16 10, 2, 6, 14, 11, 3, 7
8_29_08 8, 16, 4, 12, 5, 13, 1, 9
8_6_16 10, 2, 6, 14, 11, 3, 7, 15
1_29_14 11
5_14_22 15, 7, 11, 3, 8
3_17_18 10, 2, 6
