subset:4.txt
8_16_02 5, 13, 1, 9, 2, 10, 14, 6
1_11_06 14
5_7_20 12, 4, 8, 16, 5
7_4_20 11, 3, 7, 15, 16, 8, 12
8_5_08 6, 14, 2, 10, 7, 15, 3, 11
2_12_12 5, 13
5_12_06 6, 14, 2, 10, 11
5_3_20 11, 3, 7, 15, 4
3_8_08 2, 10, 6
2_16_18 9, 1
1_31_04 14
8_5_04 4, 12, 16, 8, 5, 13, 1, 9
1_14_14 7
5_31_22 15, 7, 11, 3, 4
5_11_18 12, 4, 8, 16, 5
4_18_04 3, 11, 15, 7
7_31_14 11, 3, 7, 15, 16, 8, 12
7_3_02 2, 10, 14, 6, 11, 3, 7
8_24_02 3, 11, 15, 7, 4, 12, 16, 8
7_4_02 2, 10, 14, 6, 7, 15, 3
2_18_02 14, 6
6_31_02 5, 13, 1, 9, 2, 10
6_27_06 6, 14, 2, 10, 7, 15
3_21_12 8, 16, 4
2_13_10 9, 1
4_27_04 5, 13, 1, 9
4_12_22 14, 6, 10, 2
5_5_16 10, 2, 6, 14, 11
7_13_08 8, 16, 4, 12, 5, 13, 1
5_3_00 1, 9, 13, 5, 10
1_19_10 14
2_27_04 5, 13
8_28_12 9, 1, 5, 13, 10, 2, 6, 14
7_27_04 5, 13, 1, 9, 14, 6, 10
4_26_04 5, 13, 1, 9
4_7_02 3, 11, 15, 7
5_23_16 10, 2, 6, 14, 3
8_26_06 6, 14, 2, 10, 7, 15, 3, 11
8_3_08 5, 13, 1, 9, 6, 14, 2, 10
8_9_12 9, 1, 5, 13, 10, 2, 6, 14
3_10_10 4, 12, 16
5_31_10 9, 1, 5, 13, 14
1_19_22 4
5_27_04 5, 13, 1, 9, 14
3_22_08 2, 10, 14
1_31_18 5
1_15_08 16
4_19_20 11, 3, 7, 15
5_24_16 10, 2, 6, 14, 15
1_29_02 5
1_2_20 7
1_27_22 6
6_22_00 2, 10, 14, 6, 15, 7
4_28_00 3, 11, 15, 7
7_16_20 14, 6, 10, 2, 15, 7, 11
2_7_02 3, 11
5_18_04 3, 11, 15, 7, 16
4_30_04 6, 14, 2, 10
7_4_06 4, 12, 16, 8, 9, 1, 5
1_19_10 14
6_7_12 8, 16, 4, 12, 9, 1
5_21_10 7, 15, 3, 11, 8
2_11_00 3, 11
6_2_22 12, 4, 8, 16, 9, 1
3_6_14 5, 13, 1
5_11_12 9, 1, 5, 13, 2
6_28_20 13, 5, 9, 1, 10, 2
2_6_18 7, 15
6_14_10 9, 1, 5, 13, 2, 10
4_15_20 14, 6, 10, 2
8_16_12 10, 2, 6, 14, 7, 15, 3, 11
3_31_16 12, 4, 16
2_21_12 8, 16
8_15_06 7, 15, 3, 11, 4, 12, 16, 8
4_29_10 9, 1, 5, 13
5_9_22 14, 6, 10, 2, 15
6_1_14 8, 16, 4, 12, 9, 1
3_1_08 5, 13, 1
3_14_22 11, 3, 7
4_25_22 14, 6, 10, 2
3_30_00 16, 8, 12
3_26_20 9, 1, 5
6_15_12 10, 2, 6, 14, 7, 15
1_4_04 7
5_31_14 11, 3, 7, 15, 16
4_27_14 10, 2, 6, 14
6_11_12 9, 1, 5, 13, 10, 2
6_17_04 3, 11, 15, 7, 4, 12
7_24_04 4, 12, 16, 8, 9, 1, 5
7_1_18 10, 2, 6, 14, 11, 3, 7
7_26_06 6, 14, 2, 10, 3, 11, 15
8_2_18 10, 2, 6, 14, 11, 3, 7, 15
8_24_20 12, 4, 8, 16, 13, 5, 9, 1
2_15_16 12, 4
2_4_08 1, 9
5_25_22 14, 6, 10, 2, 15
6_28_02 4, 12, 16, 8, 1, 9
3_13_22 15, 7, 11
7_29_10 9, 1, 5, 13, 6, 14, 2
8_8_16 10, 2, 6, 14, 11, 3, 7, 15
1_4_14 12
4_3_12 7, 15, 3, 11
7_25_18 12, 4, 8, 16, 13, 5, 9
6_4_00 1, 9, 13, 5, 14, 6
3_30_22 11, 3, 7
2_18_08 1, 9
2_27_06 6, 14
8_14_02 5, 13, 1, 9, 2, 10, 14, 6
5_31_06 7, 15, 3, 11, 12
7_19_04 3, 11, 15, 7, 12, 4, 8
3_24_16 6, 14, 10
8_16_10 9, 1, 5, 13, 6, 14, 2, 10
4_1_12 7, 15, 3, 11
3_1_00 1, 9, 13
2_16_12 6, 14
7_22_22 13, 5, 9, 1, 10, 2, 6
8_26_20 13, 5, 9, 1, 14, 6, 10, 2
2_19_10 6, 14
6_13_08 8, 16, 4, 12, 5, 13
3_14_00 16, 8, 12
5_13_20 14, 6, 10, 2, 11
6_14_08 8, 16, 4, 12, 1, 9
6_26_00 3, 11, 15, 7, 16, 8
7_16_16 12, 4, 8, 16, 13, 5, 9
6_23_20 12, 4, 8, 16, 13, 5
4_18_00 1, 9, 13, 5
4_13_00 4,12, 16, 8
5_21_08 6, 14, 2, 10, 7
1_1_10 6
2_24_22 9, 1
7_3_22 12, 4, 8, 16, 5, 13, 1
6_6_14 9, 1, 5, 13, 6, 14
5_24_12 8, 16, 4, 12, 13
2_31_02 5, 13
1_15_22 7
6_19_12 7, 15, 3, 11, 8, 16
2_28_04 1, 9
7_17_04 3, 11, 15, 7, 4, 12, 16
8_26_20 13, 5, 9, 1, 14, 6, 10, 2
6_8_02 3, 11, 15, 7, 16, 8
1_13_08 8
6_14_12 10, 2, 6, 14, 3, 11
2_2_00 13, 5
4_21_00 2, 10, 14, 6
4_10_02 4, 12, 16, 8
3_6_18 7, 15, 3
3_28_06 2, 10, 6
1_6_22 9
7_10_02 4, 12, 16, 8, 1, 9, 13
6_9_10 8, 16, 4, 12, 9, 1
3_19_20 11, 3, 15
8_31_16 12, 4, 8, 16, 9, 1, 5, 13
6_20_18 10, 2, 6, 14, 7, 15
7_22_02 3, 11, 15, 7, 16, 8, 12
4_24_06 5, 13, 1, 9
7_21_12 8, 16, 4, 12, 9, 1, 5
3_5_04 4, 12, 16
5_13_16 12, 4, 8, 16, 9
6_26_04 5, 13, 1, 9, 2, 10
8_5_22 13, 5, 9, 1, 14, 6, 10, 2
3_31_18 13, 5, 1
8_17_04 3, 11, 15, 7, 4, 12, 16, 8
7_23_16 10, 2, 6, 14, 3, 11, 15
5_29_06 7, 15, 3, 11, 4
7_3_10 6, 14, 2, 10, 15, 7, 11
3_21_18 11, 3, 7
4_21_14 9, 1, 5, 13
3_28_12 5, 13, 9
2_19_06 4, 12
8_20_08 5, 13, 1, 9, 6, 14, 2, 10
1_11_18 4
2_28_22 10, 2
8_13_14 11, 3, 7, 15, 8, 16, 4, 12
1_13_20 14
4_5_02 3, 11, 15, 7
5_20_02 2, 10, 14, 6, 7
7_5_12 8, 16, 4, 12, 9, 1, 5
7_20_16 9, 1, 5, 13, 14, 6, 10
3_5_04 4, 12, 16
6_19_06 4, 12, 16, 8, 5, 13
1_31_20 6
2_24_12 4, 12
8_19_14 8, 16, 4, 12, 9, 1, 5, 13
5_1_14 8, 16, 4, 12, 9
7_1_20 11, 3, 7, 15, 12, 4, 8
6_27_14 10, 2, 6, 14, 11, 3
2_9_22 14, 6
6_16_06 7, 15, 3, 11, 16, 8
4_15_16 12, 4, 8, 16
1_8_12 12
7_31_18 13, 5, 9, 1, 2, 10, 14
3_30_18 9, 1, 5
3_5_14 9, 1, 5
4_8_14 9, 1, 5, 13
2_21_20 12, 4
8_13_10 9, 1, 5, 13, 6, 14, 2, 10
8_14_22 15, 7, 11, 3, 12, 4, 8, 16
4_6_20 12, 4, 8, 16
1_25_14 10
6_31_22 15, 7, 11, 3, 12, 4
5_28_08 7, 15, 3, 11, 12
3_15_02 5, 13, 9
5_19_08 5, 13, 1, 9, 14
5_23_00 2, 10, 14, 6, 11
7_27_22 14, 6, 10, 2, 7, 15, 3
1_24_14 13
5_14_20 14, 6, 10, 2, 7
1_5_04 4
8_11_10 8, 16, 4, 12, 9, 1, 5, 13
6_2_22 12, 4, 8, 16, 9, 1
1_17_00 1
5_26_22 14, 6, 10, 2, 11
7_30_12 10, 2, 6, 14, 3, 11, 15
1_15_10 1
4_13_10 9, 1, 5, 13
8_26_18 12, 4, 8, 16, 13, 5, 9, 1
7_3_20 11, 3, 7, 15, 4, 12, 16
7_2_18 10, 2, 6, 14, 7, 15, 3
6_8_04 4, 12, 16, 8, 1, 9
2_3_02 2, 10
7_30_04 6, 14, 2, 10, 15, 7, 11
3_2_02 14, 6, 10
4_29_22 15, 7, 11, 3
2_15_20 14, 6
6_8_10 7, 15, 3, 11, 4, 12
3_16_06 3, 11, 7
2_31_16 12, 4
5_16_08 8, 16, 4, 12, 9
6_22_20 12, 4, 8, 16, 9, 1
3_16_02 1, 9, 5
2_2_06 16, 8
7_13_08 8, 16, 4, 12, 5, 13, 1
2_7_18 11, 3
3_31_08 8, 16, 12
1_3_04 11
5_1_04 3, 11, 15, 7, 4
3_3_20 11, 3, 15
4_29_08 8, 16, 4, 12
4_14_10 9, 1, 5, 13
2_26_22 10, 2
3_24_02 15, 7, 3
1_30_06 3
4_13_04 6, 14, 2, 10
4_24_12 8, 16, 4, 12
7_9_10 8, 16, 4, 12, 9, 1, 5
4_12_08 7, 15, 3, 11
2_6_22 9, 1
2_3_22 12, 4
7_3_14 8, 16, 4, 12, 1, 9, 13
5_19_22 12, 4, 8, 16, 5
1_30_14 7
7_26_16 11, 3, 7, 15, 8, 16, 4
6_14_02 5, 13, 1, 9, 14, 6
4_8_18 11, 3, 7, 15
6_31_14 11, 3, 7, 15, 8, 16
4_18_18 10, 2, 6, 14
1_2_02 14
6_31_20 14, 6, 10, 2, 11, 3
2_18_14 4, 12
5_5_20 12, 4, 8, 16, 13
1_24_00 6
5_25_20 13, 5, 9, 1, 14
4_10_12 9, 1, 5, 13
5_14_20 14, 6, 10, 2, 7
4_3_14 8, 16, 4, 12
1_21_22 13
2_4_20 7, 15
1_12_06 10
8_30_10 9, 1, 5, 13, 6, 14, 2, 10
8_23_16 10, 2, 6, 14, 11, 3, 7, 15
4_3_10 6, 14, 2, 10
7_11_00 3, 11, 15, 7, 12, 4, 8
3_3_00 1, 9, 5
6_24_00 2, 10, 14, 6, 15, 7
3_26_12 5, 13, 1
8_2_22 12, 4, 8, 16, 13, 5, 9, 1
8_20_12 7, 15, 3, 11, 8, 16, 4, 12
6_24_18 11, 3, 7, 15, 8, 16
2_4_06 16, 8
1_28_06 10
1_25_18 12
5_5_22 13, 5, 9, 1, 14
5_12_18 12, 4, 8, 16, 1
2_1_10 6, 14
1_7_10 15
7_2_16 9, 1, 5, 13, 6, 14, 2
5_29_00 4, 12, 16, 8, 1
8_22_04 4, 12, 16, 8, 5, 13, 1, 9
1_25_14 10
1_19_20 3
8_23_22 13, 5, 9, 1, 14, 6, 10, 2
5_3_14 8, 16, 4, 12, 1
7_30_02 5, 13, 1, 9, 14, 6, 10
3_23_16 10, 2, 14
7_14_00 4, 12, 16, 8, 13, 5, 9
7_19_20 11, 3, 7, 15, 4, 12, 16
7_17_22 12, 4, 8, 16, 13, 5, 9
2_13_06 7, 15
6_8_04 4, 12, 16, 8, 1, 9
2_16_06 3, 11
5_5_14 9, 1, 5, 13, 10
2_23_22 13, 5
1_2_10 2
5_2_10 6, 14, 2, 10, 3
1_22_08 2
8_17_16 9, 1, 5, 13, 10, 2, 6, 14
7_19_02 2, 10, 14, 6, 11, 3, 7
1_20_06 8
8_7_00 2, 10, 14, 6, 3, 11, 15, 7
3_29_10 9, 1, 5
5_8_20 12, 4, 8, 16, 1
6_1_12 7, 15, 3, 11, 8, 16
6_5_04 4, 12, 16, 8, 5, 13
4_25_20 13, 5, 9, 1
6_1_14 8, 16, 4, 12, 9, 1
7_9_22 14, 6, 10, 2, 15, 7, 11
4_11_20 13, 5, 9, 1
6_26_12 9, 1, 5, 13, 6, 14
2_20_14 4, 12
3_12_10 4, 12, 8
3_27_08 7, 15, 11
3_10_04 1, 9, 13
6_22_14 9, 1, 5, 13, 6, 14
1_25_00 3
4_18_04 3, 11, 15, 7
3_16_02 1, 9, 5
3_15_14 11, 3, 15
5_16_02 5, 13, 1, 9, 6
8_19_10 6, 14, 2, 10, 7, 15, 3, 11
4_2_12 7, 15, 3, 11
4_27_22 14, 6, 10, 2
4_12_14 10, 2, 6, 14
7_29_20 14, 6, 10, 2, 11, 3, 7
1_16_14 15
1_8_04 8
2_14_02 1, 9
3_26_18 8, 16, 4
3_6_02 15, 7, 11
6_14_12 10, 2, 6, 14, 3, 11
2_27_22 14, 6
7_7_02 3, 11, 15, 7, 12, 4, 8
5_13_06 7, 15, 3, 11, 4
5_5_06 5, 13, 1, 9, 6
8_4_18 10, 2, 6, 14, 11, 3, 7, 15
3_31_20 14, 6, 2
7_12_20 13, 5, 9, 1, 2, 10, 14
8_27_14 10, 2, 6, 14, 11, 3, 7, 15
3_11_14 10, 2, 14
4_25_16 11, 3, 7, 15
7_29_04 6, 14, 2, 10, 3, 11, 15
1_14_08 4
5_30_12 10, 2, 6, 14, 3
4_12_00 3, 11, 15, 7
3_8_02 15, 7, 3
8_1_16 9, 1, 5, 13, 10, 2, 6, 14
5_6_16 10, 2, 6, 14, 7
3_27_22 14, 6, 2
6_30_22 15, 7, 11, 3, 8, 16
8_20_14 8, 16, 4, 12, 9, 1, 5, 13
4_11_12 9, 1, 5, 13
3_30_10 5, 13, 1
6_15_10 9, 1, 5, 13, 6, 14
3_1_20 11, 3, 7
2_23_12 8, 16
6_18_12 7, 15, 3, 11, 4, 12
3_18_20 7, 15, 3
5_29_16 12, 4, 8, 16, 9
1_11_00 11
2_18_22 8, 16
6_25_06 6, 14, 2, 10, 7, 15
1_21_12 8
3_2_20 7, 15, 3
5_16_04 6, 14, 2, 10, 7
8_18_18 10, 2, 6, 14, 11, 3, 7, 15
2_21_08 6, 14
6_31_02 5, 13, 1, 9, 2, 10
5_23_10 7, 15, 3, 11, 16
7_31_18 13, 5, 9, 1, 2, 10, 14
3_4_16 5, 13, 9
5_11_00 3, 11, 15, 7, 12
4_4_08 5, 13, 1, 9
6_1_20 11, 3, 7, 15, 12, 4
5_18_16 9, 1, 5, 13, 6
7_23_08 6, 14, 2, 10, 15, 7, 11
2_10_04 1, 9
3_6_10 3, 11, 15
3_6_10 3, 11, 15
1_11_00 11
2_8_20 8, 16
3_17_08 5, 13, 1
1_26_10 4
3_22_18 7, 15, 3
3_20_06 16, 8, 4
3_3_18 10, 2, 14
3_8_16 6, 14, 10
6_19_04 3, 11, 15, 7, 4, 12
1_11_14 2
5_6_14 9, 1, 5, 13, 6
8_6_14 9, 1, 5, 13, 10, 2, 6, 14
2_10_02 16, 8
2_1_16 9, 1
5_3_12 7, 15, 3, 11, 16
4_10_04 5, 13, 1, 9
3_18_02 14, 6, 10
5_17_10 6, 14, 2, 10, 7
3_17_00 1, 9, 13
3_2_16 5, 13, 1
1_18_16 5
1_10_06 2
7_3_12 7, 15, 3, 11, 16, 8, 12
3_15_12 10, 2, 14
7_12_22 14, 6, 10, 2, 3, 11, 15
3_27_14 10, 2, 14
2_18_12 3, 11
4_16_00 4,12, 16, 8
8_31_10 9, 1, 5, 13, 6, 14, 2, 10
4_11_16 11, 3, 7, 15
4_10_04 5, 13, 1, 9
3_5_16 10, 2, 6
6_21_14 9, 1, 5, 13, 10, 2
1_16_16 16
6_17_16 9, 1, 5, 13, 10, 2
7_18_06 4, 12, 16, 8, 1, 9, 13
7_1_18 10, 2, 6, 14, 11, 3, 7
5_4_16 9, 1, 5, 13, 14
7_10_20 13, 5, 9, 1, 10, 2, 6
1_10_06 2
8_15_10 9, 1, 5, 13, 6, 14, 2, 10
8_7_14 9, 1, 5, 13, 10, 2, 6, 14
6_11_20 13, 5, 9, 1, 14, 6
1_27_20 5
3_15_02 5, 13, 9
8_19_12 7, 15, 3, 11, 8, 16, 4, 12
6_29_14 11, 3, 7, 15, 8, 16
4_1_04 3, 11, 15, 7
4_22_06 5, 13, 1, 9
7_23_00 2, 10, 14, 6, 11, 3, 7
6_10_00 3, 11, 15, 7, 16, 8
1_5_20 12
5_28_12 9, 1, 5, 13, 14
1_17_02 2
4_7_02 3, 11, 15, 7
5_12_18 12, 4, 8, 16, 1
6_19_04 3, 11, 15, 7, 4, 12
3_15_10 9, 1, 13
1_26_16 7
6_30_06 7, 15, 3, 11, 16, 8
6_30_00 4, 12, 16, 8, 13, 5
2_13_16 12, 4
5_23_04 4, 12, 16, 8, 13
6_2_02 2, 10, 14, 6, 15, 7
7_10_06 6, 14, 2, 10, 3, 11, 15
5_2_08 5, 13, 1, 9, 2
6_20_12 7, 15, 3, 11, 4, 12
3_1_00 1, 9, 13
8_28_08 7, 15, 3, 11, 8, 16, 4, 12
4_9_08 7, 15, 3, 11
3_31_12 10, 2, 14
8_3_00 1, 9, 13, 5, 2, 10, 14, 6
6_19_02 2, 10, 14, 6, 3, 11
6_26_12 9, 1, 5, 13, 6, 14
5_7_04 4, 12, 16, 8, 13
3_18_22 8, 16, 4
4_21_16 10, 2, 6, 14
3_21_14 9, 1, 5
7_5_02 3, 11, 15, 7, 4, 12, 16
8_1_16 9, 1, 5, 13, 10, 2, 6, 14
5_16_10 9, 1, 5, 13, 10
6_21_18 11, 3, 7, 15, 12, 4
5_2_06 4, 12, 16, 8, 1
5_1_12 7, 15, 3, 11, 8
3_16_20 10, 2, 14
2_18_08 1, 9
7_26_02 4, 12, 16, 8, 1, 9, 13
1_22_20 8
5_15_20 14, 6, 10, 2, 3
3_24_12 4, 12, 8
8_20_16 9, 1, 5, 13, 10, 2, 6, 14
2_3_20 11, 3
7_7_22 13, 5, 9, 1, 6, 14, 2
3_22_16 6, 14, 2
5_21_12 8, 16, 4, 12, 9
2_20_06 16, 8
5_14_16 12, 4, 8, 16, 5
7_15_10 9, 1, 5, 13, 14, 6, 10
2_29_00 4,12
1_27_20 5
4_3_06 4, 12, 16, 8
2_24_22 9, 1
8_10_12 9, 1, 5, 13, 10, 2, 6, 14
8_17_02 2, 10, 14, 6, 3, 11, 15, 7
6_5_20 12, 4, 8, 16, 13, 5
1_21_06 5
8_16_18 13, 5, 9, 1, 10, 2, 6, 14
3_30_16 8, 16, 4
1_14_16 8
2_16_00 16, 8
1_6_02 15
4_23_02 3, 11, 15, 7
6_22_14 9, 1, 5, 13, 6, 14
5_23_18 11, 3, 7, 15, 4
8_16_00 4, 12, 16, 8, 1, 9, 13, 5
3_7_00 2, 10, 6
6_16_18 13, 5, 9, 1, 6, 14
6_29_18 13, 5, 9, 1, 10, 2
2_3_08 5, 13
8_24_22 13, 5, 9, 1, 14, 6, 10, 2
6_17_08 5, 13, 1, 9, 6, 14
1_11_14 2
6_11_08 7, 15, 3, 11, 8, 16
1_12_16 15
3_27_00 3, 11, 7
6_10_18 12, 4, 8, 16, 9, 1
5_14_00 4, 12, 16, 8, 13
7_24_08 6, 14, 2, 10, 11, 3, 7
3_20_20 7, 15, 11
5_1_06 4, 12, 16, 8, 5
3_9_22 14, 6, 10
8_13_12 10, 2, 6, 14, 7, 15, 3, 11
1_29_18 13
7_30_20 14, 6, 10, 2, 7, 15, 3
5_8_18 11, 3, 7, 15, 16
1_16_08 12
4_11_04 5, 13, 1, 9
1_9_20 13
4_1_16 9, 1, 5, 13
7_10_06 6, 14, 2, 10, 3, 11, 15
7_5_12 8, 16, 4, 12, 9, 1, 5
2_15_10 9, 1
8_28_18 12, 4, 8, 16, 13, 5, 9, 1
5_22_14 9, 1, 5, 13, 6
6_15_10 9, 1, 5, 13, 6, 14
2_10_06 2, 10
8_26_22 14, 6, 10, 2, 15, 7, 11, 3
3_5_10 7, 15, 3
5_6_00 2, 10, 14, 6, 15
6_11_18 12, 4, 8, 16, 13, 5
8_26_16 11, 3, 7, 15, 12, 4, 8, 16
1_29_22 15
3_1_08 5, 13, 1
1_28_10 12
6_27_14 10, 2, 6, 14, 11, 3
3_21_02 3, 11, 15
2_11_18 12, 4
2_25_02 4, 12
4_20_22 12, 4, 8, 16
5_31_14 11, 3, 7, 15, 16
1_20_04 7
2_11_22 14, 6
1_29_20 14
3_2_08 1, 9, 13
3_2_20 7, 15, 3
7_3_08 5, 13, 1, 9, 14, 6, 10
2_3_06 4, 12
2_23_16 10, 2
5_25_02 4, 12, 16, 8, 5
4_2_08 5, 13, 1, 9
1_6_10 3
6_5_18 11, 3, 7, 15, 12, 4
4_15_16 12, 4, 8, 16
8_31_04 6, 14, 2, 10, 3, 11, 15, 7
1_23_10 15
2_17_10 6, 14
6_2_16 9, 1, 5, 13, 6, 14
7_20_04 3, 11, 15, 7, 8, 16, 4
3_25_04 5, 13, 1
5_29_04 6, 14, 2, 10, 3
2_19_22 12, 4
3_18_20 7, 15, 3
4_19_08 5, 13, 1, 9
8_4_08 5, 13, 1, 9, 6, 14, 2, 10
6_25_16 11, 3, 7, 15, 12, 4
6_15_10 9, 1, 5, 13, 6, 14
7_17_22 12, 4, 8, 16, 13, 5, 9
4_7_16 10, 2, 6, 14
2_23_00 2, 10
2_6_18 7, 15
3_8_10 3, 11, 7
8_12_18 12, 4, 8, 16, 13, 5, 9, 1
6_31_20 14, 6, 10, 2, 11, 3
8_14_18 13, 5, 9, 1, 10, 2, 6, 14
6_8_06 5, 13, 1, 9, 2, 10
7_11_20 13, 5, 9, 1, 6, 14, 2
2_27_18 12, 4
5_7_18 11, 3, 7, 15, 4
1_2_02 14
6_10_10 8, 16, 4, 12, 5, 13
5_2_14 8, 16, 4, 12, 5
1_20_10 10
2_1_18 10, 2
3_13_04 6, 14, 2
2_20_06 16, 8
5_26_06 6, 14, 2, 10, 3
8_8_14 9, 1, 5, 13, 10, 2, 6, 14
8_8_10 7, 15, 3, 11, 8, 16, 4, 12
2_15_00 4,12
4_13_18 13, 5, 9, 1
3_23_10 7, 15, 11
3_14_12 6, 14, 2
7_23_10 7, 15, 3, 11, 16, 8, 12
7_3_12 7, 15, 3, 11, 16, 8, 12
7_13_04 6, 14, 2, 10, 3, 11, 15
8_10_18 12, 4, 8, 16, 13, 5, 9, 1
7_28_00 3, 11, 15, 7, 8, 16, 4
2_2_00 13, 5
7_17_04 3, 11, 15, 7, 4, 12, 16
4_26_16 11, 3, 7, 15
3_27_16 11, 3, 15
7_25_14 10, 2, 6, 14, 11, 3, 7
4_5_12 8, 16, 4, 12
1_16_00 8
1_4_00 5
2_27_04 5, 13
4_30_00 4,12, 16, 8
6_21_16 10, 2, 6, 14, 11, 3
3_10_10 4, 12, 16
6_2_08 5, 13, 1, 9, 2, 10
2_22_14 5, 13
3_6_22 9, 1, 5
3_1_18 10, 2, 6
8_4_08 5, 13, 1, 9, 6, 14, 2, 10
7_13_10 9, 1, 5, 13, 6, 14, 2
1_9_10 8
8_7_22 13, 5, 9, 1, 14, 6, 10, 2
7_19_14 8, 16, 4, 12, 1, 9, 13
5_16_16 12, 4, 8, 16, 13
4_7_02 3, 11, 15, 7
5_19_14 8, 16, 4, 12, 1
8_31_06 7, 15, 3, 11, 4, 12, 16, 8
8_16_20 14, 6, 10, 2, 11, 3, 7, 15
5_4_12 7, 15, 3, 11, 12
3_19_18 10, 2, 14
5_29_06 7, 15, 3, 11, 4
6_18_10 6, 14, 2, 10, 3, 11
5_30_06 7, 15, 3, 11, 16
6_5_12 8, 16, 4, 12, 9, 1
4_3_16 9, 1, 5, 13
6_9_12 9, 1, 5, 13, 10, 2
6_22_12 8, 16, 4, 12, 5, 13
2_1_00 1, 9
6_31_18 13, 5, 9, 1, 10, 2
7_14_18 13, 5, 9, 1, 6, 14, 2
2_19_00 1, 9
5_27_00 3, 11, 15, 7, 12
8_21_10 7, 15, 3, 11, 8, 16, 4, 12
1_10_02 16
1_18_06 16
6_23_04 4, 12, 16, 8, 5, 13
7_9_18 12, 4, 8, 16, 13, 5, 9
5_25_14 10, 2, 6, 14, 11
1_13_12 10
7_24_04 4, 12, 16, 8, 9, 1, 5
1_5_00 2
3_14_06 3, 11, 15
2_6_18 7, 15
4_24_12 8, 16, 4, 12
2_18_08 1, 9
7_23_04 4, 12, 16, 8, 13, 5, 9
6_29_18 13, 5, 9, 1, 10, 2
7_26_06 6, 14, 2, 10, 3, 11, 15
4_19_12 7, 15, 3, 11
1_5_18 11
2_19_08 5, 13
7_16_06 7, 15, 3, 11, 8, 16, 4
5_29_20 14, 6, 10, 2, 11
7_19_22 12, 4, 8, 16, 5, 13, 1
6_10_02 4, 12, 16, 8, 1, 9
6_13_18 13, 5, 9, 1, 10, 2
7_5_10 7, 15, 3, 11, 8, 16, 4
6_5_20 12, 4, 8, 16, 13, 5
8_9_14 10, 2, 6, 14, 11, 3, 7, 15
6_18_22 12, 4, 8, 16, 9, 1
3_26_16 7, 15, 3
4_29_06 7, 15, 3, 11
5_24_10 7, 15, 3, 11, 12
3_7_22 13, 5, 1
5_27_00 3, 11, 15, 7, 12
8_8_14 9, 1, 5, 13, 10, 2, 6, 14
6_22_16 10, 2, 6, 14, 7, 15
6_29_20 14, 6, 10, 2, 11, 3
2_13_14 11, 3
4_1_02 2, 10, 14, 6
1_26_16 7
5_13_02 5, 13, 1, 9, 2
1_18_08 1
4_18_20 11, 3, 7, 15
7_3_04 3, 11, 15, 7, 12, 4, 8
1_8_00 6
8_21_16 10, 2, 6, 14, 11, 3, 7, 15
5_13_00 4, 12, 16, 8, 1
5_4_18 10, 2, 6, 14, 15
3_16_16 8, 16, 12
7_20_00 1, 9, 13, 5, 6, 14, 2
5_5_04 4, 12, 16, 8, 5
1_9_02 4
4_26_20 13, 5, 9, 1
5_21_02 3, 11, 15, 7, 4
2_31_02 5, 13
6_3_12 7, 15, 3, 11, 8, 16
3_10_00 15, 7, 11
4_1_14 8, 16, 4, 12
5_16_16 12, 4, 8, 16, 13
1_18_16 5
1_27_08 15
1_26_14 6
1_12_12 13
7_20_04 3, 11, 15, 7, 8, 16, 4
3_25_16 11, 3, 7
1_15_00 12
6_30_08 8, 16, 4, 12, 1, 9
2_19_02 2, 10
8_31_20 14, 6, 10, 2, 11, 3, 7, 15
4_29_06 7, 15, 3, 11
4_10_00 3, 11, 15, 7
1_11_16 3
5_25_00 3, 11, 15, 7, 4
4_28_08 7, 15, 3, 11
4_14_20 14, 6, 10, 2
5_28_08 7, 15, 3, 11, 12
8_22_10 7, 15, 3, 11, 8, 16, 4, 12
1_15_04 14
7_24_16 10, 2, 6, 14, 15, 7, 11
8_23_04 4, 12, 16, 8, 5, 13, 1, 9
7_2_10 6, 14, 2, 10, 3, 11, 15
1_27_12 1
4_23_12 8, 16, 4, 12
1_20_14 12
6_30_10 9, 1, 5, 13, 2, 10
8_29_02 5, 13, 1, 9, 2, 10, 14, 6
4_12_22 14, 6, 10, 2
1_2_14 4
5_10_22 14, 6, 10, 2, 11
5_13_20 14, 6, 10, 2, 11
2_21_12 8, 16
8_29_22 15, 7, 11, 3, 12, 4, 8, 16
2_8_02 15, 7
7_24_12 8, 16, 4, 12, 13, 5, 9
2_28_20 9, 1
8_31_22 15, 7, 11, 3, 12, 4, 8, 16
1_15_18 5
7_23_14 9, 1, 5, 13, 2, 10, 14
2_15_16 12, 4
5_12_06 6, 14, 2, 10, 11
7_19_02 2, 10, 14, 6, 11, 3, 7
2_30_08 4, 12
6_25_08 7, 15, 3, 11, 8, 16
5_8_14 9, 1, 5, 13, 14
5_3_22 12, 4, 8, 16, 5
4_1_16 9, 1, 5, 13
6_6_16 10, 2, 6, 14, 7, 15
8_11_02 4, 12, 16, 8, 5, 13, 1, 9
7_5_06 5, 13, 1, 9, 6, 14, 2
1_21_22 13
6_30_22 15, 7, 11, 3, 8, 16
6_8_14 9, 1, 5, 13, 6, 14
3_20_18 6, 14, 10
7_10_10 8, 16, 4, 12, 5, 13, 1
2_28_08 3, 11
4_2_16 9, 1, 5, 13
5_31_22 15, 7, 11, 3, 4
1_5_22 13
2_27_16 11, 3
2_14_04 2, 10
1_10_12 5
3_8_12 4, 12, 8
8_26_08 7, 15, 3, 11, 8, 16, 4, 12
8_22_14 9, 1, 5, 13, 10, 2, 6, 14
7_6_10 7, 15, 3, 11, 4, 12, 16
1_6_08 2
8_30_14 11, 3, 7, 15, 8, 16, 4, 12
3_26_10 4, 12, 16
1_18_22 8
8_15_12 10, 2, 6, 14, 7, 15, 3, 11
6_24_18 11, 3, 7, 15, 8, 16
4_12_02 4, 12, 16, 8
2_12_02 16, 8
2_1_12 7, 15
3_15_16 12, 4, 16
3_29_08 8, 16, 4
1_20_12 11
3_3_06 4, 12, 8
1_23_00 10
3_26_22 10, 2, 6
6_4_02 2, 10, 14, 6, 15, 7
7_13_16 12, 4, 8, 16, 9, 1, 5
6_17_22 12, 4, 8, 16, 13, 5
6_15_16 12, 4, 8, 16, 9, 1
8_30_10 9, 1, 5, 13, 6, 14, 2, 10
7_9_20 13, 5, 9, 1, 14, 6, 10
2_21_04 4, 12
2_16_16 8, 16
4_30_10 9, 1, 5, 13
7_30_20 14, 6, 10, 2, 7, 15, 3
3_26_12 5, 13, 1
4_4_06 4, 12, 16, 8
6_29_10 9, 1, 5, 13, 6, 14
5_14_12 10, 2, 6, 14, 3
3_17_18 10, 2, 6
5_1_08 5, 13, 1, 9, 6
2_14_08 4, 12
1_3_00 9
8_31_20 14, 6, 10, 2, 11, 3, 7, 15
3_26_14 6, 14, 2
4_26_08 7, 15, 3, 11
6_12_06 6, 14, 2, 10, 3, 11
2_5_16 10, 2
4_26_04 5, 13, 1, 9
8_3_22 12, 4, 8, 16, 13, 5, 9, 1
2_26_22 10, 2
6_23_20 12, 4, 8, 16, 13, 5
4_10_22 14, 6, 10, 2
8_16_16 12, 4, 8, 16, 9, 1, 5, 13
4_3_12 7, 15, 3, 11
3_8_12 4, 12, 8
8_30_12 10, 2, 6, 14, 7, 15, 3, 11
7_21_10 7, 15, 3, 11, 8, 16, 4
4_27_08 7, 15, 3, 11
8_23_02 3, 11, 15, 7, 4, 12, 16, 8
3_31_06 7, 15, 11
2_15_06 7, 15
5_28_02 4, 12, 16, 8, 9
1_8_14 13
2_24_20 8, 16
1_28_04 9
3_9_08 7, 15, 3
5_5_22 13, 5, 9, 1, 14
8_16_02 5, 13, 1, 9, 2, 10, 14, 6
5_7_12 8, 16, 4, 12, 1
3_18_00 13, 5, 9
7_25_22 14, 6, 10, 2, 15, 7, 11
7_20_04 3, 11, 15, 7, 8, 16, 4
8_30_06 7, 15, 3, 11, 4, 12, 16, 8
2_11_06 6, 14
2_27_14 10, 2
5_14_22 15, 7, 11, 3, 8
6_4_10 6, 14, 2, 10, 3, 11
3_2_10 2, 10, 14
7_23_16 10, 2, 6, 14, 3, 11, 15
1_6_22 9
1_1_08 5
6_29_20 14, 6, 10, 2, 11, 3
1_26_20 9
5_1_22 12, 4, 8, 16, 13
5_9_20 13, 5, 9, 1, 14
2_14_14 7, 15
7_15_06 7, 15, 3, 11, 12, 4, 8
7_30_02 5, 13, 1, 9, 14, 6, 10
1_2_08 1
6_1_16 9, 1, 5, 13, 10, 2
8_29_22 15, 7, 11, 3, 12, 4, 8, 16
7_28_08 7, 15, 3, 11, 12, 4, 8
3_8_08 2, 10, 6
7_9_02 4, 12, 16, 8, 5, 13, 1
7_29_14 11, 3, 7, 15, 8, 16, 4
5_5_20 12, 4, 8, 16, 13
1_30_02 1
3_17_06 4, 12, 16
6_24_18 11, 3, 7, 15, 8, 16
7_12_00 3, 11, 15, 7, 8, 16, 4
2_12_02 16, 8
7_13_16 12, 4, 8, 16, 9, 1, 5
3_2_06 16, 8, 12
7_21_14 9, 1, 5, 13, 10, 2, 6
7_14_14 11, 3, 7, 15, 4, 12, 16
3_20_10 2, 10, 6
3_21_08 6, 14, 2
1_28_12 13
5_5_10 7, 15, 3, 11, 8
6_4_02 2, 10, 14, 6, 15, 7
1_30_02 1
7_4_14 8, 16, 4, 12, 13, 5, 9
3_27_14 10, 2, 14
3_26_06 2, 10, 14
8_4_12 7, 15, 3, 11, 8, 16, 4, 12
6_5_14 9, 1, 5, 13, 10, 2
8_6_02 3, 11, 15, 7, 4, 12, 16, 8
8_21_12 8, 16, 4, 12, 9, 1, 5, 13
8_19_16 9, 1, 5, 13, 10, 2, 6, 14
7_2_18 10, 2, 6, 14, 7, 15, 3
6_31_04 6, 14, 2, 10, 3, 11
1_19_02 10
5_20_10 6, 14, 2, 10, 11
4_5_12 8, 16, 4, 12
8_7_06 5, 13, 1, 9, 6, 14, 2, 10
6_25_12 9, 1, 5, 13, 10, 2
7_1_06 4, 12, 16, 8, 5, 13, 1
7_30_14 11, 3, 7, 15, 4, 12, 16
8_11_18 12, 4, 8, 16, 13, 5, 9, 1
8_24_14 9, 1, 5, 13, 10, 2, 6, 14
2_19_14 8, 16
2_22_12 4, 12
7_21_06 5, 13, 1, 9, 6, 14, 2
2_12_08 3, 11
6_15_22 15, 7, 11, 3, 12, 4
3_10_04 1, 9, 13
6_3_16 9, 1, 5, 13, 10, 2
4_9_02 4, 12, 16, 8
4_19_16 9, 1, 5, 13
2_5_06 5, 13
4_14_00 4,12, 16, 8
4_3_16 9, 1, 5, 13
1_27_08 15
3_16_16 8, 16, 12
3_12_04 1, 9, 5
7_9_08 7, 15, 3, 11, 8, 16, 4
8_25_12 9, 1, 5, 13, 10, 2, 6, 14
8_31_00 4, 12, 16, 8, 1, 9, 13, 5
6_14_12 10, 2, 6, 14, 3, 11
1_22_08 2
5_19_20 11, 3, 7, 15, 4
6_9_08 7, 15, 3, 11, 8, 16
6_4_08 5, 13, 1, 9, 2, 10
5_1_14 8, 16, 4, 12, 9
1_5_16 10
6_31_12 10, 2, 6, 14, 7, 15
5_18_08 5, 13, 1, 9, 2
6_30_00 4, 12, 16, 8, 13, 5
2_3_06 4, 12
6_10_00 3, 11, 15, 7, 16, 8
4_4_00 1, 9, 13, 5
2_29_14 11, 3
5_29_14 11, 3, 7, 15, 8
2_29_10 9, 1
2_12_02 16, 8
3_5_14 9, 1, 5
8_5_20 12, 4, 8, 16, 13, 5, 9, 1
5_18_04 3, 11, 15, 7, 16
4_13_12 10, 2, 6, 14
1_25_16 11
2_14_10 5, 13
4_8_16 10, 2, 6, 14
6_10_22 14, 6, 10, 2, 11, 3
1_20_02 6
6_25_16 11, 3, 7, 15, 12, 4
8_6_08 6, 14, 2, 10, 7, 15, 3, 11
4_27_00 3, 11, 15, 7
3_5_08 6, 14, 2
1_11_18 4
5_26_18 12, 4, 8, 16, 9
4_12_02 4, 12, 16, 8
4_26_22 14, 6, 10, 2
8_17_02 2, 10, 14, 6, 3, 11, 15, 7
6_27_14 10, 2, 6, 14, 11, 3
2_9_22 14, 6
2_16_06 3, 11
4_13_12 10, 2, 6, 14
1_7_14 1
6_9_08 7, 15, 3, 11, 8, 16
4_14_18 13, 5, 9, 1
3_5_08 6, 14, 2
2_1_06 4, 12
5_16_02 5, 13, 1, 9, 6
3_5_14 9, 1, 5
2_2_02 14, 6
7_20_14 8, 16, 4, 12, 13, 5, 9
4_29_12 10, 2, 6, 14
7_5_16 10, 2, 6, 14, 11, 3, 7
8_30_18 13, 5, 9, 1, 10, 2, 6, 14
3_28_10 4, 12, 8
1_26_14 6
6_17_02 2, 10, 14, 6, 3, 11
4_30_14 11, 3, 7, 15
7_8_14 9, 1, 5, 13, 14, 6, 10
1_24_22 1
8_3_14 8, 16, 4, 12, 9, 1, 5, 13
5_3_20 11, 3, 7, 15, 4
5_9_10 8, 16, 4, 12, 9
4_15_20 14, 6, 10, 2
3_29_14 11, 3, 7
5_21_14 9, 1, 5, 13, 10
1_7_08 14
6_18_20 11, 3, 7, 15, 8, 16
6_9_20 13, 5, 9, 1, 14, 6
2_10_02 16, 8
4_12_04 5, 13, 1, 9
1_16_12 14
6_22_22 13, 5, 9, 1, 10, 2
7_14_08 8, 16, 4, 12, 1, 9, 13
3_21_12 8, 16, 4
6_14_22 15, 7, 11, 3, 8, 16
2_2_10 2, 10
1_17_08 5
1_5_00 2
7_5_00 2, 10, 14, 6, 3, 11, 15
5_9_04 5, 13, 1, 9, 6
2_29_14 11, 3
8_21_14 9, 1, 5, 13, 10, 2, 6, 14
4_10_08 7, 15, 3, 11
5_5_00 2, 10, 14, 6, 3
3_22_08 2, 10, 14
2_18_00 13, 5
7_28_18 12, 4, 8, 16, 1, 9, 13
8_25_06 6, 14, 2, 10, 7, 15, 3, 11
7_2_08 5, 13, 1, 9, 2, 10, 14
6_4_04 3, 11, 15, 7, 16, 8
4_5_08 6, 14, 2, 10
1_1_12 7
1_13_16 12
7_4_22 12, 4, 8, 16, 1, 9, 13
8_25_04 5, 13, 1, 9, 6, 14, 2, 10
1_5_16 10
2_12_10 4, 12
3_2_00 13, 5, 9
7_9_20 13, 5, 9, 1, 14, 6, 10
3_17_18 10, 2, 6
1_1_14 8
3_15_12 10, 2, 14
6_29_14 11, 3, 7, 15, 8, 16
3_7_08 6, 14, 10
4_25_20 13, 5, 9, 1
1_24_16 14
8_13_02 5, 13, 1, 9, 2, 10, 14, 6
3_5_00 2, 10, 14
5_2_00 1, 9, 13, 5, 14
7_29_06 7, 15, 3, 11, 4, 12, 16
7_10_12 9, 1, 5, 13, 6, 14, 2
1_31_18 5
4_28_08 7, 15, 3, 11
8_30_04 6, 14, 2, 10, 3, 11, 15, 7
5_28_02 4, 12, 16, 8, 9
5_9_06 6, 14, 2, 10, 7
4_29_18 13, 5, 9, 1
5_13_00 4, 12, 16, 8, 1
1_17_06 4
1_18_02 14
3_23_16 10, 2, 14
3_10_16 7, 15, 3
7_8_06 5, 13, 1, 9, 10, 2, 6
3_27_04 5, 13, 9
5_7_02 3, 11, 15, 7, 12
5_8_06 5, 13, 1, 9, 10
7_6_04 4, 12, 16, 8, 1, 9, 13
6_21_00 2, 10, 14, 6, 3, 11
2_14_20 10, 2
1_29_06 7
4_2_20 11, 3, 7, 15
2_1_08 5, 13
4_18_18 10, 2, 6, 14
3_18_22 8, 16, 4
7_28_00 3, 11, 15, 7, 8, 16, 4
6_6_12 8, 16, 4, 12, 5, 13
4_24_04 4, 12, 16, 8
8_25_14 10, 2, 6, 14, 11, 3, 7, 15
3_22_18 7, 15, 3
1_31_02 13
3_28_04 1, 9, 5
6_22_08 6, 14, 2, 10, 3, 11
3_5_20 12, 4, 8
4_28_06 6, 14, 2, 10
1_18_22 8
5_22_06 5, 13, 1, 9, 2
8_4_06 4, 12, 16, 8, 5, 13, 1, 9
7_27_14 10, 2, 6, 14, 3, 11, 15
3_7_04 4, 12, 8
4_15_00 4,12, 16, 8
5_9_12 9, 1, 5, 13, 10
5_17_18 10, 2, 6, 14, 11
2_3_08 5, 13
2_23_18 11, 3
5_21_12 8, 16, 4, 12, 9
7_3_06 4, 12, 16, 8, 13, 5, 9
1_14_18 9
4_30_10 9, 1, 5, 13
5_12_20 13, 5, 9, 1, 2
8_2_22 12, 4, 8, 16, 13, 5, 9, 1
1_23_06 13
3_14_04 2, 10, 14
6_19_06 4, 12, 16, 8, 5, 13
8_2_18 10, 2, 6, 14, 11, 3, 7, 15
4_11_10 8, 16, 4, 12
5_15_14 11, 3, 7, 15, 16
5_5_10 7, 15, 3, 11, 8
3_19_20 11, 3, 15
1_31_22 7
4_2_18 10, 2, 6, 14
3_12_14 6, 14, 10
7_26_18 12, 4, 8, 16, 9, 1, 5
6_10_00 3, 11, 15, 7, 16, 8
8_8_08 6, 14, 2, 10, 7, 15, 3, 11
4_30_14 11, 3, 7, 15
1_21_22 13
7_20_14 8, 16, 4, 12, 13, 5, 9
6_4_02 2, 10, 14, 6, 15, 7
7_19_20 11, 3, 7, 15, 4, 12, 16
1_26_04 1
2_17_10 6, 14
3_24_12 4, 12, 8
2_3_22 12, 4
5_25_22 14, 6, 10, 2, 15
1_20_18 14
5_17_08 5, 13, 1, 9, 6
3_2_14 4, 12, 16
8_17_08 5, 13, 1, 9, 6, 14, 2, 10
3_11_06 6, 14, 10
1_3_22 4
5_17_08 5, 13, 1, 9, 6
5_3_18 10, 2, 6, 14, 3
1_15_10 1
6_13_22 15, 7, 11, 3, 12, 4
3_17_16 9, 1, 5
4_5_14 9, 1, 5, 13
5_21_00 2, 10, 14, 6, 3
2_28_00 15, 7
4_16_20 14, 6, 10, 2
3_3_00 1, 9, 5
1_14_20 10
8_1_02 2, 10, 14, 6, 3, 11, 15, 7
2_7_04 4, 12
6_13_02 5, 13, 1, 9, 2, 10
6_30_06 7, 15, 3, 11, 16, 8
4_27_08 7, 15, 3, 11
4_4_08 5, 13, 1, 9
4_7_12 8, 16, 4, 12
6_3_02 2, 10, 14, 6, 3, 11
7_20_10 6, 14, 2, 10, 11, 3, 7
3_3_00 1, 9, 5
1_10_14 6
6_18_22 12, 4, 8, 16, 9, 1
6_21_14 9, 1, 5, 13, 10, 2
1_14_22 11
6_4_06 4, 12, 16, 8, 1, 9
2_19_02 2, 10
4_10_06 6, 14, 2, 10
7_22_06 5, 13, 1, 9, 2, 10, 14
2_1_18 10, 2
8_20_04 3, 11, 15, 7, 4, 12, 16, 8
1_6_18 7
6_5_04 4, 12, 16, 8, 5, 13
7_4_06 4, 12, 16, 8, 9, 1, 5
2_3_00 1, 9
3_29_12 10, 2, 6
5_2_22 12, 4, 8, 16, 9
3_9_18 12, 4, 8
7_31_08 8, 16, 4, 12, 13, 5, 9
2_1_22 12, 4
6_14_06 7, 15, 3, 11, 16, 8
1_15_06 15
8_19_22 12, 4, 8, 16, 13, 5, 9, 1
4_12_06 6, 14, 2, 10
1_31_10 1
6_12_02 4, 12, 16, 8, 1, 9
1_29_16 12
7_14_20 14, 6, 10, 2, 7, 15, 3
8_11_02 4, 12, 16, 8, 5, 13, 1, 9
7_5_10 7, 15, 3, 11, 8, 16, 4
5_24_06 5, 13, 1, 9, 10
3_13_12 10, 2, 6
1_27_20 5
2_4_04 15, 7
2_15_14 11, 3
8_22_04 4, 12, 16, 8, 5, 13, 1, 9
2_30_06 3, 11
2_19_04 3, 11
4_12_18 12, 4, 8, 16
4_2_10 6, 14, 2, 10
1_6_08 2
7_12_04 5, 13, 1, 9, 10, 2, 6
2_11_18 12, 4
4_28_20 13, 5, 9, 1
5_5_22 13, 5, 9, 1, 14
3_13_02 5, 13, 1
7_25_16 11, 3, 7, 15, 12, 4, 8
2_12_22 10, 2
5_5_14 9, 1, 5, 13, 10
5_16_16 12, 4, 8, 16, 13
8_3_08 5, 13, 1, 9, 6, 14, 2, 10
1_29_20 14
7_23_22 13, 5, 9, 1, 6, 14, 2
2_8_22 9, 1
1_3_08 13
5_21_16 10, 2, 6, 14, 11
2_9_04 5, 13
8_3_00 1, 9, 13, 5, 2, 10, 14, 6
2_25_12 9, 1
7_17_02 2, 10, 14, 6, 3, 11, 15
6_7_20 12, 4, 8, 16, 13, 5
2_13_18 13, 5
3_25_18 12, 4, 8
2_11_22 14, 6
2_30_18 9, 1
1_13_14 11
1_7_04 12
3_7_02 3, 11, 7
2_22_08 2, 10
4_3_04 3, 11, 15, 7
5_31_10 9, 1, 5, 13, 14
1_26_18 8
3_22_08 2, 10, 14
7_9_06 6, 14, 2, 10, 7, 15, 3
1_20_08 9
7_9_22 14, 6, 10, 2, 15, 7, 11
5_27_04 5, 13, 1, 9, 14
8_24_02 3, 11, 15, 7, 4, 12, 16, 8
4_23_10 7, 15, 3, 11
1_16_04 10
2_16_12 6, 14
7_5_20 12, 4, 8, 16, 13, 5, 9
7_26_16 11, 3, 7, 15, 8, 16, 4
6_17_08 5, 13, 1, 9, 6, 14
3_26_08 3, 11, 15
1_15_18 5
2_10_10 4, 12
6_13_08 8, 16, 4, 12, 5, 13
1_10_18 8
6_24_20 12, 4, 8, 16, 9, 1
5_22_12 8, 16, 4, 12, 5
5_3_08 5, 13, 1, 9, 14
4_2_04 3, 11, 15, 7
5_5_20 12, 4, 8, 16, 13
2_24_04 16, 8
6_30_12 10, 2, 6, 14, 3, 11
7_20_16 9, 1, 5, 13, 14, 6, 10
4_21_10 7, 15, 3, 11
8_31_08 8, 16, 4, 12, 5, 13, 1, 9
8_30_00 4, 12, 16, 8, 1, 9, 13, 5
7_14_18 13, 5, 9, 1, 6, 14, 2
8_22_18 11, 3, 7, 15, 12, 4, 8, 16
4_4_20 11, 3, 7, 15
6_16_10 9, 1, 5, 13, 2, 10
6_15_18 13, 5, 9, 1, 10, 2
4_5_16 10, 2, 6, 14
5_19_04 3, 11, 15, 7, 12
7_16_06 7, 15, 3, 11, 8, 16, 4
5_24_22 13, 5, 9, 1, 2
6_31_06 7, 15, 3, 11, 4, 12
5_18_20 11, 3, 7, 15, 8
4_10_14 10, 2, 6, 14
7_10_12 9, 1, 5, 13, 6, 14, 2
6_14_08 8, 16, 4, 12, 1, 9
1_10_00 15
4_12_04 5, 13, 1, 9
7_28_14 10, 2, 6, 14, 15, 7, 11
2_6_02 15, 7
3_29_22 15, 7, 11
5_18_06 4, 12, 16, 8, 1
2_8_00 14, 6
6_21_14 9, 1, 5, 13, 10, 2
7_9_00 3, 11, 15, 7, 4, 12, 16
7_7_16 10, 2, 6, 14, 3, 11, 15
2_29_18 13, 5
1_1_06 4
7_24_08 6, 14, 2, 10, 11, 3, 7
8_1_06 4, 12, 16, 8, 5, 13, 1, 9
2_30_20 10, 2
8_30_18 13, 5, 9, 1, 10, 2, 6, 14
8_25_00 3, 11, 15, 7, 4, 12, 16, 8
3_5_22 13, 5, 9
4_31_18 13, 5, 9, 1
2_26_14 6, 14
3_18_20 7, 15, 3
4_4_06 4, 12, 16, 8
1_28_14 14
2_31_10 9, 1
3_7_04 4, 12, 8
8_3_16 9, 1, 5, 13, 10, 2, 6, 14
6_1_18 10, 2, 6, 14, 11, 3
2_13_16 12, 4
3_27_10 8, 16, 12
5_17_12 7, 15, 3, 11, 8
4_10_08 7, 15, 3, 11
4_18_12 7, 15, 3, 11
5_26_06 6, 14, 2, 10, 3
6_6_06 5, 13, 1, 9, 2, 10
1_21_00 2
1_30_10 5
1_8_16 14
5_30_22 15, 7, 11, 3, 8
5_17_18 10, 2, 6, 14, 11
3_26_14 6, 14, 2
8_21_00 2, 10, 14, 6, 3, 11, 15, 7
6_17_16 9, 1, 5, 13, 10, 2
8_6_20 12, 4, 8, 16, 13, 5, 9, 1
4_31_02 5, 13, 1, 9
8_20_00 1, 9, 13, 5, 2, 10, 14, 6
5_29_22 15, 7, 11, 3, 12
7_28_22 14, 6, 10, 2, 3, 11, 15
6_11_18 12, 4, 8, 16, 13, 5
5_9_04 5, 13, 1, 9, 6
1_16_16 16
7_24_04 4, 12, 16, 8, 9, 1, 5
2_29_10 9, 1
4_9_14 10, 2, 6, 14
2_24_14 5, 13
8_6_02 3, 11, 15, 7, 4, 12, 16, 8
4_7_18 11, 3, 7, 15
6_30_12 10, 2, 6, 14, 3, 11
8_11_22 14, 6, 10, 2, 15, 7, 11, 3
4_31_18 13, 5, 9, 1
8_5_10 7, 15, 3, 11, 8, 16, 4, 12
7_13_20 14, 6, 10, 2, 11, 3, 7
4_27_10 8, 16, 4, 12
1_28_16 15
7_14_14 11, 3, 7, 15, 4, 12, 16
7_30_02 5, 13, 1, 9, 14, 6, 10
1_25_02 4
7_7_14 9, 1, 5, 13, 2, 10, 14
5_18_00 1, 9, 13, 5, 14
6_22_18 11, 3, 7, 15, 8, 16
4_1_20 11, 3, 7, 15
5_16_12 10, 2, 6, 14, 11
7_15_22 15, 7, 11, 3, 4, 12, 16
4_1_08 5, 13, 1, 9
8_19_18 10, 2, 6, 14, 11, 3, 7, 15
5_25_12 9, 1, 5, 13, 10
3_3_22 12, 4, 16
1_24_04 8
2_9_02 4, 12
3_26_16 7, 15, 3
2_6_02 15, 7
5_12_00 3, 11, 15, 7, 8
1_3_22 4
4_22_22 13, 5, 9, 1
5_13_14 11, 3, 7, 15, 8
8_31_00 4, 12, 16, 8, 1, 9, 13, 5
6_14_22 15, 7, 11, 3, 8, 16
4_2_14 8, 16, 4, 12
3_10_04 1, 9, 13
3_30_02 1, 9, 13
4_8_08 6, 14, 2, 10
1_28_18 16
1_12_14 14
4_10_08 7, 15, 3, 11
2_6_22 9, 1
4_23_10 7, 15, 3, 11
3_27_22 14, 6, 2
8_5_06 5, 13, 1, 9, 6, 14, 2, 10
7_12_00 3, 11, 15, 7, 8, 16, 4
7_15_00 4, 12, 16, 8, 9, 1, 5
7_21_16 10, 2, 6, 14, 11, 3, 7
3_26_16 7, 15, 3
3_1_12 7, 15, 3
4_23_00 2, 10, 14, 6
1_22_22 9
1_27_18 4
1_5_18 11
8_27_12 9, 1, 5, 13, 10, 2, 6, 14
5_26_22 14, 6, 10, 2, 11
1_7_08 14
4_3_12 7, 15, 3, 11
2_8_20 8, 16
2_6_08 2, 10
5_14_20 14, 6, 10, 2, 7
3_5_06 5, 13, 1
4_13_14 11, 3, 7, 15
6_20_06 4, 12, 16, 8, 1, 9
8_25_06 6, 14, 2, 10, 7, 15, 3, 11
1_12_18 16
6_29_00 4, 12, 16, 8, 1, 9
1_31_16 4
7_26_12 9, 1, 5, 13, 6, 14, 2
8_24_10 7, 15, 3, 11, 8, 16, 4, 12
7_29_00 4, 12, 16, 8, 1, 9, 13
1_30_08 4
3_29_14 11, 3, 7
1_5_14 9
3_10_08 3, 11, 15
6_27_12 9, 1, 5, 13, 10, 2
1_2_02 14
6_20_14 8, 16, 4, 12, 5, 13
2_14_02 1, 9
3_23_14 9, 1, 13
2_11_14 10, 2
1_10_10 4
6_16_06 7, 15, 3, 11, 16, 8
8_1_10 6, 14, 2, 10, 7, 15, 3, 11
2_4_04 15, 7
6_19_00 1, 9, 13, 5, 2, 10
6_9_10 8, 16, 4, 12, 9, 1
4_25_20 13, 5, 9, 1
5_31_02 5, 13, 1, 9, 10
2_22_00 14, 6
8_18_14 8, 16, 4, 12, 9, 1, 5, 13
5_16_20 14, 6, 10, 2, 15
1_4_20 15
8_23_18 11, 3, 7, 15, 12, 4, 8, 16
4_30_12 10, 2, 6, 14
1_9_06 6
8_11_08 7, 15, 3, 11, 8, 16, 4, 12
1_26_20 9
1_5_04 4
3_12_08 3, 11, 7
4_21_06 5, 13, 1, 9
2_17_22 12, 4
7_26_02 4, 12, 16, 8, 1, 9, 13
7_7_20 12, 4, 8, 16, 5, 13, 1
3_24_20 8, 16, 12
6_20_04 3, 11, 15, 7, 16, 8
5_8_12 8, 16, 4, 12, 13
4_13_20 14, 6, 10, 2
2_31_12 10, 2
2_27_22 14, 6
4_25_20 13, 5, 9, 1
6_7_00 2, 10, 14, 6, 3, 11
1_29_00 4
8_3_08 5, 13, 1, 9, 6, 14, 2, 10
1_19_00 9
8_4_20 11, 3, 7, 15, 12, 4, 8, 16
1_26_12 5
6_24_22 13, 5, 9, 1, 10, 2
5_29_12 10, 2, 6, 14, 7
8_15_04 6, 14, 2, 10, 3, 11, 15, 7
2_28_14 6, 14
4_18_10 6, 14, 2, 10
7_30_20 14, 6, 10, 2, 7, 15, 3
8_27_20 13, 5, 9, 1, 14, 6, 10, 2
3_29_18 13, 5, 9
8_10_22 14, 6, 10, 2, 15, 7, 11, 3
8_10_12 9, 1, 5, 13, 10, 2, 6, 14
7_21_00 2, 10, 14, 6, 3, 11, 15
7_14_20 14, 6, 10, 2, 7, 15, 3
7_5_04 4, 12, 16, 8, 5, 13, 1
8_7_08 6, 14, 2, 10, 7, 15, 3, 11
4_29_14 11, 3, 7, 15
5_11_06 6, 14, 2, 10, 15
8_27_20 13, 5, 9, 1, 14, 6, 10, 2
2_26_08 3, 11
3_19_22 12, 4, 16
1_21_06 5
4_27_04 5, 13, 1, 9
4_24_06 5, 13, 1, 9
4_22_22 13, 5, 9, 1
6_6_04 4, 12, 16, 8, 1, 9
4_26_10 8, 16, 4, 12
8_30_08 8, 16, 4, 12, 5, 13, 1, 9
2_25_22 14, 6
1_4_08 9
6_6_12 8, 16, 4, 12, 5, 13
2_28_00 15, 7
3_14_04 2, 10, 14
3_26_14 6, 14, 2
3_14_00 16, 8, 12
8_18_10 6, 14, 2, 10, 7, 15, 3, 11
3_11_10 8, 16, 12
5_29_04 6, 14, 2, 10, 3
6_31_00 4, 12, 16, 8, 1, 9
8_29_00 4, 12, 16, 8, 1, 9, 13, 5
8_15_02 5, 13, 1, 9, 2, 10, 14, 6
3_3_20 11, 3, 15
1_18_06 16
5_27_22 14, 6, 10, 2, 7
7_7_20 12, 4, 8, 16, 5, 13, 1
4_4_18 10, 2, 6, 14
8_5_18 11, 3, 7, 15, 12, 4, 8, 16
5_15_18 13, 5, 9, 1, 2
3_1_06 4, 12, 16
3_23_00 2, 10, 6
2_27_22 14, 6
8_18_16 9, 1, 5, 13, 10, 2, 6, 14
1_31_16 4
7_17_22 12, 4, 8, 16, 13, 5, 9
3_9_16 11, 3, 7
7_6_08 6, 14, 2, 10, 3, 11, 15
4_4_00 1, 9, 13, 5
6_2_10 6, 14, 2, 10, 3, 11
8_18_10 6, 14, 2, 10, 7, 15, 3, 11
8_28_20 13, 5, 9, 1, 14, 6, 10, 2
7_7_14 9, 1, 5, 13, 2, 10, 14
4_27_18 12, 4, 8, 16
5_6_18 11, 3, 7, 15, 8
1_8_22 1
5_10_00 3, 11, 15, 7, 16
4_17_12 7, 15, 3, 11
7_2_08 5, 13, 1, 9, 2, 10, 14
5_10_04 5, 13, 1, 9, 2
2_1_12 7, 15
2_21_02 3, 11
3_14_06 3, 11, 15
2_18_10 2, 10
6_18_04 3, 11, 15, 7, 16, 8
1_25_04 5
2_3_16 9, 1
6_23_10 7, 15, 3, 11, 8, 16
7_25_04 5, 13, 1, 9, 6, 14, 2
1_11_06 14
1_9_20 13
4_6_02 3, 11, 15, 7
6_21_02 3, 11, 15, 7, 4, 12
1_19_20 3
4_26_12 9, 1, 5, 13
2_15_18 13, 5
7_3_18 10, 2, 6, 14, 3, 11, 15
7_6_18 11, 3, 7, 15, 8, 16, 4
4_31_06 7, 15, 3, 11
3_31_16 12, 4, 16
1_29_00 4
